[[1.84e+03 8.08e+03 6.00e+00 5.20e+01 1.22e-04 1.00e+00 1.00e+00 0.00e+00
  0.00e+00 0.00e+00 0.00e+00 1.82e-12 0.00e+00 0.00e+00 0.00e+00]
 [1.84e+03 8.08e+03 6.00e+00 5.20e+01 8.26e-01 0.00e+00 1.00e+00 0.00e+00
  0.00e+00 0.00e+00 1.00e+00 1.82e-12 0.00e+00 0.00e+00 0.00e+00]
 [1.84e+03 8.08e+03 6.00e+00 4.00e+01 1.23e-01 1.00e+00 0.00e+00 0.00e+00
  0.00e+00 0.00e+00 1.00e+00 1.82e-12 0.00e+00 0.00e+00 0.00e+00]
 [1.84e+03 8.08e+03 6.00e+00 2.34e+02 1.02e+00 1.00e+00 0.00e+00 0.00e+00
  0.00e+00 1.00e+00 1.00e+00 1.82e-12 0.00e+00 0.00e+00 0.00e+00]
 [1.84e+03 8.08e+03 6.00e+00 4.00e+01 5.15e-01 0.00e+00 0.00e+00 0.00e+00
  0.00e+00 0.00e+00 1.00e+00 1.82e-12 0.00e+00 0.00e+00 0.00e+00]
 [1.84e+03 8.08e+03 6.00e+00 1.68e+02 1.31e+02 0.00e+00 0.00e+00 0.00e+00
  0.00e+00 1.00e+00 1.00e+00 1.82e-12 0.00e+00 0.00e+00 0.00e+00]
 [1.84e+03 8.08e+03 6.00e+00 4.00e+01 1.20e+00 1.00e+00 0.00e+00 1.00e+00
  0.00e+00 0.00e+00 1.00e+00 1.82e-12 0.00e+00 0.00e+00 0.00e+00]
 [1.84e+03 8.08e+03 6.00e+00 4.00e+01 5.46e-01 0.00e+00 0.00e+00 1.00e+00
  0.00e+00 0.00e+00 1.00e+00 1.82e-12 0.00e+00 0.00e+00 0.00e+00]
 [1.84e+03 8.08e+03 6.00e+00 4.00e+01 8.40e-02 1.00e+00 0.00e+00 0.00e+00
  0.00e+00 0.00e+00 1.00e+00 1.82e-12 0.00e+00 0.00e+00 0.00e+00]][[1.84e+03 8.08e+03 6.00e+00 5.20e+01 1.22e-04 1.00e+00 1.00e+00 0.00e+00
  0.00e+00 0.00e+00 0.00e+00 1.82e-12 0.00e+00 0.00e+00 0.00e+00]
 [1.84e+03 8.08e+03 6.00e+00 5.20e+01 6.70e-01 0.00e+00 1.00e+00 0.00e+00
  0.00e+00 0.00e+00 1.00e+00 1.82e-12 0.00e+00 0.00e+00 0.00e+00]
 [1.84e+03 8.08e+03 6.00e+00 4.00e+01 7.50e-02 1.00e+00 0.00e+00 0.00e+00
  0.00e+00 0.00e+00 1.00e+00 1.82e-12 0.00e+00 0.00e+00 0.00e+00]
 [1.84e+03 8.08e+03 6.00e+00 2.34e+02 1.10e+00 1.00e+00 0.00e+00 0.00e+00
  0.00e+00 1.00e+00 1.00e+00 1.82e-12 0.00e+00 0.00e+00 0.00e+00]
 [1.84e+03 8.08e+03 6.00e+00 4.00e+01 5.22e-01 0.00e+00 0.00e+00 0.00e+00
  0.00e+00 0.00e+00 1.00e+00 1.82e-12 0.00e+00 0.00e+00 0.00e+00]
 [1.84e+03 8.08e+03 6.00e+00 1.68e+02 1.24e+02 0.00e+00 0.00e+00 0.00e+00
  0.00e+00 1.00e+00 1.00e+00 1.82e-12 0.00e+00 0.00e+00 0.00e+00]
 [1.84e+03 8.08e+03 6.00e+00 4.00e+01 1.12e+00 1.00e+00 0.00e+00 1.00e+00
  0.00e+00 0.00e+00 1.00e+00 1.82e-12 0.00e+00 0.00e+00 0.00e+00]
 [1.84e+03 8.08e+03 6.00e+00 4.00e+01 8.04e-01 0.00e+00 0.00e+00 1.00e+00
  0.00e+00 0.00e+00 1.00e+00 1.82e-12 0.00e+00 0.00e+00 0.00e+00]
 [1.84e+03 8.08e+03 6.00e+00 4.00e+01 3.30e-02 1.00e+00 0.00e+00 0.00e+00
  0.00e+00 0.00e+00 1.00e+00 1.82e-12 0.00e+00 0.00e+00 0.00e+00]][[1.85e+03 8.08e+03 6.00e+00 5.20e+01 1.22e-04 1.00e+00 1.00e+00 0.00e+00
  0.00e+00 0.00e+00 0.00e+00 1.82e-12 0.00e+00 0.00e+00 0.00e+00]
 [1.85e+03 8.08e+03 6.00e+00 5.20e+01 4.86e-01 0.00e+00 1.00e+00 0.00e+00
  0.00e+00 0.00e+00 1.00e+00 1.82e-12 0.00e+00 0.00e+00 0.00e+00]
 [1.85e+03 8.08e+03 6.00e+00 4.00e+01 7.90e-02 1.00e+00 0.00e+00 0.00e+00
  0.00e+00 0.00e+00 1.00e+00 1.82e-12 0.00e+00 0.00e+00 0.00e+00]
 [1.85e+03 8.08e+03 6.00e+00 2.34e+02 4.28e-02 1.00e+00 0.00e+00 0.00e+00
  0.00e+00 1.00e+00 1.00e+00 1.82e-12 0.00e+00 0.00e+00 0.00e+00]
 [1.85e+03 8.08e+03 6.00e+00 4.00e+01 4.47e-01 0.00e+00 0.00e+00 0.00e+00
  0.00e+00 0.00e+00 1.00e+00 1.82e-12 0.00e+00 0.00e+00 0.00e+00]
 [1.85e+03 8.08e+03 6.00e+00 1.68e+02 1.64e+02 0.00e+00 0.00e+00 0.00e+00
  0.00e+00 1.00e+00 1.00e+00 1.82e-12 0.00e+00 0.00e+00 0.00e+00]
 [1.85e+03 8.08e+03 6.00e+00 4.30e+01 2.04e-01 0.00e+00 0.00e+00 0.00e+00
  0.00e+00 1.00e+00 1.00e+00 1.82e-12 0.00e+00 0.00e+00 0.00e+00]
 [1.85e+03 8.08e+03 6.00e+00 4.00e+01 1.39e-01 1.00e+00 0.00e+00 0.00e+00
  0.00e+00 0.00e+00 1.00e+00 1.82e-12 0.00e+00 0.00e+00 0.00e+00]
 [1.85e+03 8.08e+03 6.00e+00 4.00e+01 7.15e-01 1.00e+00 0.00e+00 1.00e+00
  0.00e+00 0.00e+00 1.00e+00 1.82e-12 0.00e+00 0.00e+00 0.00e+00]
 [1.85e+03 8.08e+03 6.00e+00 4.00e+01 5.45e-01 0.00e+00 0.00e+00 1.00e+00
  0.00e+00 0.00e+00 1.00e+00 1.82e-12 0.00e+00 0.00e+00 0.00e+00]
 [1.85e+03 8.08e+03 6.00e+00 4.00e+01 4.20e-02 1.00e+00 0.00e+00 0.00e+00
  0.00e+00 0.00e+00 1.00e+00 1.82e-12 0.00e+00 0.00e+00 0.00e+00]][[1.85e+03 8.08e+03 6.00e+00 5.20e+01 1.22e-04 1.00e+00 1.00e+00 0.00e+00
  0.00e+00 0.00e+00 0.00e+00 1.82e-12 0.00e+00 0.00e+00 0.00e+00]
 [1.85e+03 8.08e+03 6.00e+00 5.20e+01 7.44e-01 0.00e+00 1.00e+00 0.00e+00
  0.00e+00 0.00e+00 1.00e+00 1.82e-12 0.00e+00 0.00e+00 0.00e+00]
 [1.85e+03 8.08e+03 6.00e+00 4.00e+01 5.51e-02 1.00e+00 0.00e+00 0.00e+00
  0.00e+00 0.00e+00 1.00e+00 1.82e-12 0.00e+00 0.00e+00 0.00e+00]
 [1.85e+03 8.08e+03 6.00e+00 1.90e+03 7.60e-02 1.00e+00 0.00e+00 0.00e+00
  0.00e+00 1.00e+00 1.00e+00 1.82e-12 0.00e+00 0.00e+00 0.00e+00]
 [1.85e+03 8.08e+03 6.00e+00 4.00e+01 8.86e-01 0.00e+00 0.00e+00 0.00e+00
  0.00e+00 0.00e+00 1.00e+00 1.82e-12 0.00e+00 0.00e+00 0.00e+00]
 [1.85e+03 8.08e+03 6.00e+00 1.68e+02 6.22e+01 0.00e+00 0.00e+00 0.00e+00
  0.00e+00 1.00e+00 1.00e+00 1.82e-12 0.00e+00 0.00e+00 0.00e+00]
 [1.85e+03 8.08e+03 6.00e+00 4.00e+01 1.04e+00 1.00e+00 0.00e+00 1.00e+00
  0.00e+00 0.00e+00 1.00e+00 1.82e-12 0.00e+00 0.00e+00 0.00e+00]
 [1.85e+03 8.08e+03 6.00e+00 4.00e+01 5.16e-01 0.00e+00 0.00e+00 1.00e+00
  0.00e+00 0.00e+00 1.00e+00 1.82e-12 0.00e+00 0.00e+00 0.00e+00]
 [1.85e+03 8.08e+03 6.00e+00 4.00e+01 2.91e-02 1.00e+00 0.00e+00 0.00e+00
  0.00e+00 0.00e+00 1.00e+00 1.82e-12 0.00e+00 0.00e+00 0.00e+00]][[1.85e+03 8.08e+03 6.00e+00 5.20e+01 1.22e-04 1.00e+00 1.00e+00 0.00e+00
  0.00e+00 0.00e+00 0.00e+00 1.82e-12 0.00e+00 0.00e+00 0.00e+00]
 [1.85e+03 8.08e+03 6.00e+00 5.20e+01 5.88e-01 0.00e+00 1.00e+00 0.00e+00
  0.00e+00 0.00e+00 1.00e+00 1.82e-12 0.00e+00 0.00e+00 0.00e+00]
 [1.85e+03 8.08e+03 6.00e+00 4.00e+01 1.42e-01 1.00e+00 0.00e+00 0.00e+00
  0.00e+00 0.00e+00 1.00e+00 1.82e-12 0.00e+00 0.00e+00 0.00e+00]
 [1.85e+03 8.08e+03 6.00e+00 2.34e+02 4.10e-02 1.00e+00 0.00e+00 0.00e+00
  0.00e+00 1.00e+00 1.00e+00 1.82e-12 0.00e+00 0.00e+00 0.00e+00]
 [1.85e+03 8.08e+03 6.00e+00 4.00e+01 4.54e-01 0.00e+00 0.00e+00 0.00e+00
  0.00e+00 0.00e+00 1.00e+00 1.82e-12 0.00e+00 0.00e+00 0.00e+00]
 [1.85e+03 8.08e+03 6.00e+00 1.68e+02 7.78e+01 0.00e+00 0.00e+00 0.00e+00
  0.00e+00 1.00e+00 1.00e+00 1.82e-12 0.00e+00 0.00e+00 0.00e+00]
 [1.85e+03 8.08e+03 6.00e+00 4.00e+01 1.09e+00 1.00e+00 0.00e+00 1.00e+00
  0.00e+00 0.00e+00 1.00e+00 1.82e-12 0.00e+00 0.00e+00 0.00e+00]
 [1.85e+03 8.08e+03 6.00e+00 4.00e+01 7.67e-01 0.00e+00 0.00e+00 1.00e+00
  0.00e+00 0.00e+00 1.00e+00 1.82e-12 0.00e+00 0.00e+00 0.00e+00]
 [1.85e+03 8.08e+03 6.00e+00 4.00e+01 2.20e-02 1.00e+00 0.00e+00 0.00e+00
  0.00e+00 0.00e+00 1.00e+00 1.82e-12 0.00e+00 0.00e+00 0.00e+00]][[1.85e+03 8.08e+03 6.00e+00 5.20e+01 1.22e-04 1.00e+00 1.00e+00 0.00e+00
  0.00e+00 0.00e+00 0.00e+00 1.82e-12 0.00e+00 0.00e+00 0.00e+00]
 [1.85e+03 8.08e+03 6.00e+00 5.20e+01 6.07e-01 0.00e+00 1.00e+00 0.00e+00
  0.00e+00 0.00e+00 1.00e+00 1.82e-12 0.00e+00 0.00e+00 0.00e+00]
 [1.85e+03 8.08e+03 6.00e+00 4.00e+01 5.90e-02 1.00e+00 0.00e+00 0.00e+00
  0.00e+00 0.00e+00 1.00e+00 1.82e-12 0.00e+00 0.00e+00 0.00e+00]
 [1.85e+03 8.08e+03 6.00e+00 2.34e+02 1.92e-02 1.00e+00 0.00e+00 0.00e+00
  0.00e+00 1.00e+00 1.00e+00 1.82e-12 0.00e+00 0.00e+00 0.00e+00]
 [1.85e+03 8.08e+03 6.00e+00 4.00e+01 5.00e-01 0.00e+00 0.00e+00 0.00e+00
  0.00e+00 0.00e+00 1.00e+00 1.82e-12 0.00e+00 0.00e+00 0.00e+00]
 [1.85e+03 8.08e+03 6.00e+00 1.68e+02 8.01e+01 0.00e+00 0.00e+00 0.00e+00
  0.00e+00 1.00e+00 1.00e+00 1.82e-12 0.00e+00 0.00e+00 0.00e+00]
 [1.85e+03 8.08e+03 6.00e+00 4.00e+01 7.95e-01 1.00e+00 0.00e+00 1.00e+00
  0.00e+00 0.00e+00 1.00e+00 1.82e-12 0.00e+00 0.00e+00 0.00e+00]
 [1.85e+03 8.08e+03 6.00e+00 4.00e+01 6.27e-01 0.00e+00 0.00e+00 1.00e+00
  0.00e+00 0.00e+00 1.00e+00 1.82e-12 0.00e+00 0.00e+00 0.00e+00]
 [1.85e+03 8.08e+03 6.00e+00 4.00e+01 2.29e-02 1.00e+00 0.00e+00 0.00e+00
  0.00e+00 0.00e+00 1.00e+00 1.82e-12 0.00e+00 0.00e+00 0.00e+00]][[1.85e+03 8.08e+03 6.00e+00 5.20e+01 1.22e-04 1.00e+00 1.00e+00 0.00e+00
  0.00e+00 0.00e+00 0.00e+00 1.82e-12 0.00e+00 0.00e+00 0.00e+00]
 [1.85e+03 8.08e+03 6.00e+00 5.20e+01 7.78e-01 0.00e+00 1.00e+00 0.00e+00
  0.00e+00 0.00e+00 1.00e+00 1.82e-12 0.00e+00 0.00e+00 0.00e+00]
 [1.85e+03 8.08e+03 6.00e+00 4.00e+01 1.35e-01 1.00e+00 0.00e+00 0.00e+00
  0.00e+00 0.00e+00 1.00e+00 1.82e-12 0.00e+00 0.00e+00 0.00e+00]
 [1.85e+03 8.08e+03 6.00e+00 2.34e+02 5.90e-02 1.00e+00 0.00e+00 0.00e+00
  0.00e+00 1.00e+00 1.00e+00 1.82e-12 0.00e+00 0.00e+00 0.00e+00]
 [1.85e+03 8.08e+03 6.00e+00 4.00e+01 4.68e-01 0.00e+00 0.00e+00 0.00e+00
  0.00e+00 0.00e+00 1.00e+00 1.82e-12 0.00e+00 0.00e+00 0.00e+00]
 [1.85e+03 8.08e+03 6.00e+00 1.68e+02 8.78e+01 0.00e+00 0.00e+00 0.00e+00
  0.00e+00 1.00e+00 1.00e+00 1.82e-12 0.00e+00 0.00e+00 0.00e+00]
 [1.85e+03 8.08e+03 6.00e+00 4.00e+01 1.07e+00 1.00e+00 0.00e+00 1.00e+00
  0.00e+00 0.00e+00 1.00e+00 1.82e-12 0.00e+00 0.00e+00 0.00e+00]
 [1.85e+03 8.08e+03 6.00e+00 4.00e+01 8.04e-01 0.00e+00 0.00e+00 1.00e+00
  0.00e+00 0.00e+00 1.00e+00 1.82e-12 0.00e+00 0.00e+00 0.00e+00]
 [1.85e+03 8.08e+03 6.00e+00 4.00e+01 3.80e-02 1.00e+00 0.00e+00 0.00e+00
  0.00e+00 0.00e+00 1.00e+00 1.82e-12 0.00e+00 0.00e+00 0.00e+00]][[1.85e+03 8.08e+03 6.00e+00 5.20e+01 1.22e-04 1.00e+00 1.00e+00 0.00e+00
  0.00e+00 0.00e+00 0.00e+00 1.82e-12 0.00e+00 0.00e+00 0.00e+00]
 [1.85e+03 8.08e+03 6.00e+00 5.20e+01 6.80e-01 0.00e+00 1.00e+00 0.00e+00
  0.00e+00 0.00e+00 1.00e+00 1.82e-12 0.00e+00 0.00e+00 0.00e+00]
 [1.85e+03 8.08e+03 6.00e+00 4.00e+01 1.40e-01 1.00e+00 0.00e+00 0.00e+00
  0.00e+00 0.00e+00 1.00e+00 1.82e-12 0.00e+00 0.00e+00 0.00e+00]
 [1.85e+03 8.08e+03 6.00e+00 2.34e+02 4.00e-02 1.00e+00 0.00e+00 0.00e+00
  0.00e+00 1.00e+00 1.00e+00 1.82e-12 0.00e+00 0.00e+00 0.00e+00]
 [1.85e+03 8.08e+03 6.00e+00 4.00e+01 4.77e-01 0.00e+00 0.00e+00 0.00e+00
  0.00e+00 0.00e+00 1.00e+00 1.82e-12 0.00e+00 0.00e+00 0.00e+00]
 [1.85e+03 8.08e+03 6.00e+00 1.68e+02 7.52e+01 0.00e+00 0.00e+00 0.00e+00
  0.00e+00 1.00e+00 1.00e+00 1.82e-12 0.00e+00 0.00e+00 0.00e+00]
 [1.85e+03 8.08e+03 6.00e+00 4.00e+01 9.82e-01 1.00e+00 0.00e+00 1.00e+00
  0.00e+00 0.00e+00 1.00e+00 1.82e-12 0.00e+00 0.00e+00 0.00e+00]
 [1.85e+03 8.08e+03 6.00e+00 4.00e+01 8.02e-01 0.00e+00 0.00e+00 1.00e+00
  0.00e+00 0.00e+00 1.00e+00 1.82e-12 0.00e+00 0.00e+00 0.00e+00]
 [1.85e+03 8.08e+03 6.00e+00 4.00e+01 8.30e-02 1.00e+00 0.00e+00 0.00e+00
  0.00e+00 0.00e+00 1.00e+00 1.82e-12 0.00e+00 0.00e+00 0.00e+00]][[1.85e+03 8.08e+03 6.00e+00 5.20e+01 1.22e-04 1.00e+00 1.00e+00 0.00e+00
  0.00e+00 0.00e+00 0.00e+00 1.82e-12 0.00e+00 0.00e+00 0.00e+00]
 [1.85e+03 8.08e+03 6.00e+00 5.20e+01 7.17e-01 0.00e+00 1.00e+00 0.00e+00
  0.00e+00 0.00e+00 1.00e+00 1.82e-12 0.00e+00 0.00e+00 0.00e+00]
 [1.85e+03 8.08e+03 6.00e+00 4.00e+01 1.31e-01 1.00e+00 0.00e+00 0.00e+00
  0.00e+00 0.00e+00 1.00e+00 1.82e-12 0.00e+00 0.00e+00 0.00e+00]
 [1.85e+03 8.08e+03 6.00e+00 2.34e+02 4.28e-02 1.00e+00 0.00e+00 0.00e+00
  0.00e+00 1.00e+00 1.00e+00 1.82e-12 0.00e+00 0.00e+00 0.00e+00]
 [1.85e+03 8.08e+03 6.00e+00 4.00e+01 4.42e-01 0.00e+00 0.00e+00 0.00e+00
  0.00e+00 0.00e+00 1.00e+00 1.82e-12 0.00e+00 0.00e+00 0.00e+00]
 [1.85e+03 8.08e+03 6.00e+00 1.68e+02 7.34e+01 0.00e+00 0.00e+00 0.00e+00
  0.00e+00 1.00e+00 1.00e+00 1.82e-12 0.00e+00 0.00e+00 0.00e+00]
 [1.85e+03 8.08e+03 6.00e+00 4.00e+01 9.41e-01 1.00e+00 0.00e+00 1.00e+00
  0.00e+00 0.00e+00 1.00e+00 1.82e-12 0.00e+00 0.00e+00 0.00e+00]
 [1.85e+03 8.08e+03 6.00e+00 4.00e+01 5.75e-01 0.00e+00 0.00e+00 1.00e+00
  0.00e+00 0.00e+00 1.00e+00 1.82e-12 0.00e+00 0.00e+00 0.00e+00]
 [1.85e+03 8.08e+03 6.00e+00 4.00e+01 9.50e-02 1.00e+00 0.00e+00 0.00e+00
  0.00e+00 0.00e+00 1.00e+00 1.82e-12 0.00e+00 0.00e+00 0.00e+00]][[1.86e+03 8.08e+03 6.00e+00 5.20e+01 1.22e-04 1.00e+00 1.00e+00 0.00e+00
  0.00e+00 0.00e+00 0.00e+00 1.82e-12 0.00e+00 0.00e+00 0.00e+00]
 [1.86e+03 8.08e+03 6.00e+00 5.20e+01 4.57e-01 0.00e+00 1.00e+00 0.00e+00
  0.00e+00 0.00e+00 1.00e+00 1.82e-12 0.00e+00 0.00e+00 0.00e+00]
 [1.86e+03 8.08e+03 6.00e+00 4.00e+01 1.31e-01 1.00e+00 0.00e+00 0.00e+00
  0.00e+00 0.00e+00 1.00e+00 1.82e-12 0.00e+00 0.00e+00 0.00e+00]
 [1.86e+03 8.08e+03 6.00e+00 2.34e+02 5.70e-02 1.00e+00 0.00e+00 0.00e+00
  0.00e+00 1.00e+00 1.00e+00 1.82e-12 0.00e+00 0.00e+00 0.00e+00]
 [1.86e+03 8.08e+03 6.00e+00 4.00e+01 4.56e-01 0.00e+00 0.00e+00 0.00e+00
  0.00e+00 0.00e+00 1.00e+00 1.82e-12 0.00e+00 0.00e+00 0.00e+00]
 [1.86e+03 8.08e+03 6.00e+00 1.68e+02 8.06e+01 0.00e+00 0.00e+00 0.00e+00
  0.00e+00 1.00e+00 1.00e+00 1.82e-12 0.00e+00 0.00e+00 0.00e+00]
 [1.86e+03 8.08e+03 6.00e+00 4.00e+01 1.03e+00 1.00e+00 0.00e+00 1.00e+00
  0.00e+00 0.00e+00 1.00e+00 1.82e-12 0.00e+00 0.00e+00 0.00e+00]
 [1.86e+03 8.08e+03 6.00e+00 4.00e+01 5.57e-01 0.00e+00 0.00e+00 1.00e+00
  0.00e+00 0.00e+00 1.00e+00 1.82e-12 0.00e+00 0.00e+00 0.00e+00]
 [1.86e+03 8.08e+03 6.00e+00 4.00e+01 9.40e-02 1.00e+00 0.00e+00 0.00e+00
  0.00e+00 0.00e+00 1.00e+00 1.82e-12 0.00e+00 0.00e+00 0.00e+00]]