[[8.00e+01 4.92e+04 6.00e+00 4.00e+01 1.22e-04 1.00e+00 0.00e+00 1.00e+00
  0.00e+00 0.00e+00 1.00e+00 1.82e-12 0.00e+00 0.00e+00 0.00e+00]
 [8.00e+01 4.92e+04 6.00e+00 4.00e+01 4.03e-03 1.00e+00 0.00e+00 1.00e+00
  0.00e+00 0.00e+00 1.00e+00 1.82e-12 0.00e+00 0.00e+00 0.00e+00]
 [8.00e+01 4.92e+04 6.00e+00 4.00e+01 9.77e-04 1.00e+00 0.00e+00 1.00e+00
  0.00e+00 0.00e+00 1.00e+00 1.82e-12 0.00e+00 0.00e+00 0.00e+00]
 [8.00e+01 4.92e+04 6.00e+00 4.00e+01 9.77e-04 1.00e+00 0.00e+00 1.00e+00
  0.00e+00 0.00e+00 1.00e+00 1.82e-12 0.00e+00 0.00e+00 0.00e+00]
 [8.00e+01 4.92e+04 6.00e+00 4.00e+01 9.77e-04 1.00e+00 0.00e+00 1.00e+00
  0.00e+00 0.00e+00 1.00e+00 1.82e-12 0.00e+00 0.00e+00 0.00e+00]
 [8.00e+01 4.92e+04 6.00e+00 4.00e+01 9.77e-04 1.00e+00 0.00e+00 1.00e+00
  0.00e+00 0.00e+00 1.00e+00 1.82e-12 0.00e+00 0.00e+00 0.00e+00]
 [8.00e+01 4.92e+04 6.00e+00 4.00e+01 9.77e-04 1.00e+00 0.00e+00 1.00e+00
  0.00e+00 0.00e+00 1.00e+00 1.82e-12 0.00e+00 0.00e+00 0.00e+00]
 [8.00e+01 4.92e+04 6.00e+00 4.00e+01 9.77e-04 1.00e+00 0.00e+00 1.00e+00
  0.00e+00 0.00e+00 1.00e+00 1.82e-12 0.00e+00 0.00e+00 0.00e+00]][[8.00e+01 4.95e+04 6.00e+00 4.00e+01 1.22e-04 1.00e+00 0.00e+00 1.00e+00
  0.00e+00 0.00e+00 1.00e+00 1.82e-12 0.00e+00 0.00e+00 0.00e+00]
 [8.00e+01 4.95e+04 6.00e+00 4.00e+01 2.93e-03 1.00e+00 0.00e+00 1.00e+00
  0.00e+00 0.00e+00 1.00e+00 1.82e-12 0.00e+00 0.00e+00 0.00e+00]
 [8.00e+01 4.95e+04 6.00e+00 4.00e+01 9.77e-04 1.00e+00 0.00e+00 1.00e+00
  0.00e+00 0.00e+00 1.00e+00 1.82e-12 0.00e+00 0.00e+00 0.00e+00]
 [8.00e+01 4.95e+04 6.00e+00 4.00e+01 9.77e-04 1.00e+00 0.00e+00 1.00e+00
  0.00e+00 0.00e+00 1.00e+00 1.82e-12 0.00e+00 0.00e+00 0.00e+00]
 [8.00e+01 4.95e+04 6.00e+00 4.00e+01 9.77e-04 1.00e+00 0.00e+00 1.00e+00
  0.00e+00 0.00e+00 1.00e+00 1.82e-12 0.00e+00 0.00e+00 0.00e+00]
 [8.00e+01 4.95e+04 6.00e+00 4.00e+01 9.77e-04 1.00e+00 0.00e+00 1.00e+00
  0.00e+00 0.00e+00 1.00e+00 1.82e-12 0.00e+00 0.00e+00 0.00e+00]
 [8.00e+01 4.95e+04 6.00e+00 4.00e+01 9.77e-04 1.00e+00 0.00e+00 1.00e+00
  0.00e+00 0.00e+00 1.00e+00 1.82e-12 0.00e+00 0.00e+00 0.00e+00]
 [8.00e+01 4.95e+04 6.00e+00 4.00e+01 9.77e-04 1.00e+00 0.00e+00 1.00e+00
  0.00e+00 0.00e+00 1.00e+00 1.82e-12 0.00e+00 0.00e+00 0.00e+00]
 [8.00e+01 4.95e+04 6.00e+00 4.00e+01 9.77e-04 1.00e+00 0.00e+00 1.00e+00
  0.00e+00 0.00e+00 1.00e+00 1.82e-12 0.00e+00 0.00e+00 0.00e+00]][[6.04e+04 5.36e+03 1.70e+01 5.60e+01 1.22e-04 1.00e+00 0.00e+00 0.00e+00
  0.00e+00 0.00e+00 0.00e+00 1.82e-12 0.00e+00 0.00e+00 0.00e+00]
 [6.04e+04 5.36e+03 1.70e+01 5.60e+01 2.93e-03 1.00e+00 0.00e+00 0.00e+00
  0.00e+00 0.00e+00 0.00e+00 1.82e-12 0.00e+00 0.00e+00 0.00e+00]
 [6.04e+04 5.36e+03 1.70e+01 5.60e+01 1.95e-03 1.00e+00 0.00e+00 0.00e+00
  0.00e+00 0.00e+00 0.00e+00 1.82e-12 0.00e+00 0.00e+00 0.00e+00]
 [6.04e+04 5.36e+03 1.70e+01 5.60e+01 9.77e-04 1.00e+00 0.00e+00 0.00e+00
  0.00e+00 0.00e+00 0.00e+00 1.82e-12 0.00e+00 0.00e+00 0.00e+00]
 [6.04e+04 5.36e+03 1.70e+01 5.60e+01 9.77e-04 1.00e+00 0.00e+00 0.00e+00
  0.00e+00 0.00e+00 0.00e+00 1.82e-12 0.00e+00 0.00e+00 0.00e+00]
 [6.04e+04 5.36e+03 1.70e+01 5.60e+01 9.77e-04 1.00e+00 0.00e+00 0.00e+00
  0.00e+00 0.00e+00 0.00e+00 1.82e-12 0.00e+00 0.00e+00 0.00e+00]
 [6.04e+04 5.36e+03 1.70e+01 5.60e+01 9.77e-04 1.00e+00 0.00e+00 0.00e+00
  0.00e+00 0.00e+00 0.00e+00 1.82e-12 0.00e+00 0.00e+00 0.00e+00]
 [6.04e+04 5.36e+03 1.70e+01 5.60e+01 1.95e-03 1.00e+00 0.00e+00 0.00e+00
  0.00e+00 0.00e+00 0.00e+00 1.82e-12 0.00e+00 0.00e+00 0.00e+00]
 [6.04e+04 5.36e+03 1.70e+01 5.60e+01 9.77e-04 1.00e+00 0.00e+00 0.00e+00
  0.00e+00 0.00e+00 0.00e+00 1.82e-12 0.00e+00 0.00e+00 0.00e+00]
 [6.04e+04 5.36e+03 1.70e+01 5.60e+01 9.86e+01 1.00e+00 0.00e+00 0.00e+00
  0.00e+00 0.00e+00 0.00e+00 1.82e-12 0.00e+00 0.00e+00 0.00e+00]
 [6.04e+04 5.36e+03 1.70e+01 5.60e+01 5.00e-03 1.00e+00 0.00e+00 0.00e+00
  0.00e+00 0.00e+00 0.00e+00 1.82e-12 0.00e+00 0.00e+00 0.00e+00]
 [6.04e+04 5.36e+03 1.70e+01 5.60e+01 9.77e-04 1.00e+00 0.00e+00 0.00e+00
  0.00e+00 0.00e+00 0.00e+00 1.82e-12 0.00e+00 0.00e+00 0.00e+00]
 [6.04e+04 5.36e+03 1.70e+01 5.60e+01 9.77e-04 1.00e+00 0.00e+00 0.00e+00
  0.00e+00 0.00e+00 0.00e+00 1.82e-12 0.00e+00 0.00e+00 0.00e+00]
 [6.04e+04 5.36e+03 1.70e+01 5.60e+01 9.77e-04 1.00e+00 0.00e+00 0.00e+00
  0.00e+00 0.00e+00 0.00e+00 1.82e-12 0.00e+00 0.00e+00 0.00e+00]
 [6.04e+04 5.36e+03 1.70e+01 5.60e+01 9.77e-04 1.00e+00 0.00e+00 0.00e+00
  0.00e+00 0.00e+00 0.00e+00 1.82e-12 0.00e+00 0.00e+00 0.00e+00]
 [6.04e+04 5.36e+03 1.70e+01 5.60e+01 9.77e-04 1.00e+00 0.00e+00 0.00e+00
  0.00e+00 0.00e+00 0.00e+00 1.82e-12 0.00e+00 0.00e+00 0.00e+00]
 [6.04e+04 5.36e+03 1.70e+01 5.60e+01 1.95e-03 1.00e+00 0.00e+00 0.00e+00
  0.00e+00 0.00e+00 0.00e+00 1.82e-12 0.00e+00 0.00e+00 0.00e+00]
 [6.04e+04 5.36e+03 1.70e+01 5.60e+01 9.77e-04 1.00e+00 0.00e+00 0.00e+00
  0.00e+00 0.00e+00 0.00e+00 1.82e-12 0.00e+00 0.00e+00 0.00e+00]][[137. 137.  17. ...   0.   0.   0.]
 [137. 137.  17. ...   0.   0.   0.]
 [137. 137.  17. ...   0.   0.   0.]
 ...
 [137. 137.  17. ...   0.   0.   0.]
 [137. 137.  17. ...   0.   0.   0.]
 [137. 137.  17. ...   0.   0.   0.]][[6.37e+04 5.30e+01 1.70e+01 1.09e+02 1.22e-04 1.00e+00 0.00e+00 0.00e+00
  0.00e+00 0.00e+00 0.00e+00 1.82e-12 0.00e+00 0.00e+00 0.00e+00]
 [6.37e+04 5.30e+01 1.70e+01 1.09e+02 2.93e-03 1.00e+00 0.00e+00 0.00e+00
  0.00e+00 0.00e+00 0.00e+00 1.82e-12 0.00e+00 0.00e+00 0.00e+00]
 [6.37e+04 5.30e+01 1.70e+01 1.59e+02 2.86e-01 0.00e+00 0.00e+00 0.00e+00
  0.00e+00 0.00e+00 0.00e+00 1.82e-12 0.00e+00 0.00e+00 0.00e+00]
 [6.37e+04 5.30e+01 1.70e+01 1.59e+02 2.93e-03 0.00e+00 0.00e+00 0.00e+00
  0.00e+00 0.00e+00 0.00e+00 1.82e-12 0.00e+00 0.00e+00 0.00e+00]][[6.33e+04 5.30e+01 1.70e+01 1.09e+02 1.22e-04 1.00e+00 0.00e+00 0.00e+00
  0.00e+00 0.00e+00 0.00e+00 1.82e-12 0.00e+00 0.00e+00 0.00e+00]
 [6.33e+04 5.30e+01 1.70e+01 1.09e+02 4.88e-02 1.00e+00 0.00e+00 0.00e+00
  0.00e+00 0.00e+00 0.00e+00 1.82e-12 0.00e+00 0.00e+00 0.00e+00]
 [6.33e+04 5.30e+01 1.70e+01 1.59e+02 1.96e-01 0.00e+00 0.00e+00 0.00e+00
  0.00e+00 0.00e+00 0.00e+00 1.82e-12 0.00e+00 0.00e+00 0.00e+00]
 [6.33e+04 5.30e+01 1.70e+01 1.59e+02 4.80e-02 0.00e+00 0.00e+00 0.00e+00
  0.00e+00 0.00e+00 0.00e+00 1.82e-12 0.00e+00 0.00e+00 0.00e+00]][[5.64e+04 5.30e+01 1.70e+01 6.00e+01 1.22e-04 1.00e+00 0.00e+00 0.00e+00
  0.00e+00 0.00e+00 0.00e+00 1.82e-12 0.00e+00 0.00e+00 0.00e+00]
 [5.64e+04 5.30e+01 1.70e+01 6.00e+01 4.03e-03 1.00e+00 0.00e+00 0.00e+00
  0.00e+00 0.00e+00 0.00e+00 1.82e-12 0.00e+00 0.00e+00 0.00e+00]
 [5.64e+04 5.30e+01 1.70e+01 7.60e+01 1.72e-01 0.00e+00 0.00e+00 0.00e+00
  0.00e+00 0.00e+00 0.00e+00 1.82e-12 0.00e+00 0.00e+00 0.00e+00]
 [5.64e+04 5.30e+01 1.70e+01 7.60e+01 2.93e-03 0.00e+00 0.00e+00 0.00e+00
  0.00e+00 0.00e+00 0.00e+00 1.82e-12 0.00e+00 0.00e+00 0.00e+00]][[6.29e+04 5.30e+01 1.70e+01 6.00e+01 1.22e-04 1.00e+00 0.00e+00 0.00e+00
  0.00e+00 0.00e+00 0.00e+00 1.82e-12 0.00e+00 0.00e+00 0.00e+00]
 [6.29e+04 5.30e+01 1.70e+01 6.00e+01 1.95e-03 1.00e+00 0.00e+00 0.00e+00
  0.00e+00 0.00e+00 0.00e+00 1.82e-12 0.00e+00 0.00e+00 0.00e+00]
 [6.29e+04 5.30e+01 1.70e+01 7.60e+01 1.76e-01 0.00e+00 0.00e+00 0.00e+00
  0.00e+00 0.00e+00 0.00e+00 1.82e-12 0.00e+00 0.00e+00 0.00e+00]
 [6.29e+04 5.30e+01 1.70e+01 7.60e+01 1.95e-03 0.00e+00 0.00e+00 0.00e+00
  0.00e+00 0.00e+00 0.00e+00 1.82e-12 0.00e+00 0.00e+00 0.00e+00]][[6.29e+04 3.89e+02 1.70e+01 1.92e+02 1.22e-04 1.00e+00 0.00e+00 0.00e+00
  0.00e+00 0.00e+00 0.00e+00 1.82e-12 0.00e+00 0.00e+00 0.00e+00]
 [6.29e+04 3.89e+02 1.70e+01 1.92e+02 2.93e-03 1.00e+00 0.00e+00 0.00e+00
  0.00e+00 0.00e+00 0.00e+00 1.82e-12 0.00e+00 0.00e+00 0.00e+00]
 [6.29e+04 3.89e+02 1.70e+01 1.91e+02 1.50e-01 0.00e+00 0.00e+00 0.00e+00
  0.00e+00 0.00e+00 0.00e+00 1.82e-12 0.00e+00 0.00e+00 0.00e+00]
 [6.29e+04 3.89e+02 1.70e+01 1.91e+02 4.03e-03 0.00e+00 0.00e+00 0.00e+00
  0.00e+00 0.00e+00 0.00e+00 1.82e-12 0.00e+00 0.00e+00 0.00e+00]][[6.29e+04 3.89e+02 1.70e+01 2.35e+02 1.22e-04 1.00e+00 0.00e+00 0.00e+00
  0.00e+00 0.00e+00 0.00e+00 1.82e-12 0.00e+00 0.00e+00 0.00e+00]
 [6.29e+04 3.89e+02 1.70e+01 2.35e+02 9.77e-04 1.00e+00 0.00e+00 0.00e+00
  0.00e+00 0.00e+00 0.00e+00 1.82e-12 0.00e+00 0.00e+00 0.00e+00]
 [6.29e+04 3.89e+02 1.70e+01 1.91e+02 1.64e-01 0.00e+00 0.00e+00 0.00e+00
  0.00e+00 0.00e+00 0.00e+00 1.82e-12 0.00e+00 0.00e+00 0.00e+00]
 [6.29e+04 3.89e+02 1.70e+01 1.91e+02 1.95e-03 0.00e+00 0.00e+00 0.00e+00
  0.00e+00 0.00e+00 0.00e+00 1.82e-12 0.00e+00 0.00e+00 0.00e+00]]