[[5.50e+04 4.43e+02 6.00e+00 4.40e+01 1.22e-04 1.00e+00 1.00e+00 0.00e+00
  0.00e+00 0.00e+00 0.00e+00 1.82e-12 0.00e+00 0.00e+00 0.00e+00]
 [5.50e+04 4.43e+02 6.00e+00 4.00e+01 1.02e-01 0.00e+00 0.00e+00 0.00e+00
  1.00e+00 0.00e+00 1.00e+00 1.82e-12 0.00e+00 0.00e+00 0.00e+00]][[5.50e+04 8.00e+01 6.00e+00 4.40e+01 1.22e-04 1.00e+00 1.00e+00 0.00e+00
  0.00e+00 0.00e+00 0.00e+00 1.82e-12 0.00e+00 0.00e+00 0.00e+00]
 [5.50e+04 8.00e+01 6.00e+00 4.40e+01 1.26e-01 0.00e+00 1.00e+00 0.00e+00
  0.00e+00 0.00e+00 1.00e+00 1.82e-12 0.00e+00 0.00e+00 0.00e+00]
 [5.50e+04 8.00e+01 6.00e+00 4.00e+01 5.45e-01 1.00e+00 0.00e+00 0.00e+00
  1.00e+00 0.00e+00 0.00e+00 1.82e-12 0.00e+00 0.00e+00 0.00e+00]][[5.50e+04 2.10e+01 6.00e+00 4.40e+01 1.22e-04 1.00e+00 1.00e+00 0.00e+00
  0.00e+00 0.00e+00 0.00e+00 1.82e-12 0.00e+00 0.00e+00 0.00e+00]
 [5.50e+04 2.10e+01 6.00e+00 4.40e+01 6.51e-02 0.00e+00 1.00e+00 0.00e+00
  0.00e+00 0.00e+00 1.00e+00 1.82e-12 0.00e+00 0.00e+00 0.00e+00]
 [5.50e+04 2.10e+01 6.00e+00 4.00e+01 5.28e-01 1.00e+00 0.00e+00 0.00e+00
  1.00e+00 0.00e+00 0.00e+00 1.82e-12 0.00e+00 0.00e+00 0.00e+00]][[5.50e+04 2.20e+01 6.00e+00 4.40e+01 1.22e-04 1.00e+00 1.00e+00 0.00e+00
  0.00e+00 0.00e+00 0.00e+00 1.82e-12 0.00e+00 0.00e+00 0.00e+00]
 [5.50e+04 2.20e+01 6.00e+00 4.40e+01 1.11e-01 0.00e+00 1.00e+00 0.00e+00
  0.00e+00 0.00e+00 1.00e+00 1.82e-12 0.00e+00 0.00e+00 0.00e+00]
 [5.50e+04 2.20e+01 6.00e+00 4.00e+01 4.80e-01 1.00e+00 0.00e+00 0.00e+00
  1.00e+00 0.00e+00 0.00e+00 1.82e-12 0.00e+00 0.00e+00 0.00e+00]][[5.50e+04 4.43e+02 6.00e+00 4.40e+01 1.22e-04 1.00e+00 1.00e+00 0.00e+00
  0.00e+00 0.00e+00 0.00e+00 1.82e-12 0.00e+00 0.00e+00 0.00e+00]
 [5.50e+04 4.43e+02 6.00e+00 4.00e+01 9.40e-02 0.00e+00 0.00e+00 0.00e+00
  1.00e+00 0.00e+00 1.00e+00 1.82e-12 0.00e+00 0.00e+00 0.00e+00]][[5.50e+04 4.43e+02 6.00e+00 4.40e+01 1.22e-04 1.00e+00 1.00e+00 0.00e+00
  0.00e+00 0.00e+00 0.00e+00 1.82e-12 0.00e+00 0.00e+00 0.00e+00]
 [5.50e+04 4.43e+02 6.00e+00 4.00e+01 9.70e-02 0.00e+00 0.00e+00 0.00e+00
  1.00e+00 0.00e+00 1.00e+00 1.82e-12 0.00e+00 0.00e+00 0.00e+00]][[5.50e+04 4.43e+02 6.00e+00 4.40e+01 1.22e-04 1.00e+00 1.00e+00 0.00e+00
  0.00e+00 0.00e+00 0.00e+00 1.82e-12 0.00e+00 0.00e+00 0.00e+00]
 [5.50e+04 4.43e+02 6.00e+00 4.00e+01 8.90e-02 0.00e+00 0.00e+00 0.00e+00
  1.00e+00 0.00e+00 1.00e+00 1.82e-12 0.00e+00 0.00e+00 0.00e+00]][[5.50e+04 4.44e+02 6.00e+00 4.40e+01 1.22e-04 1.00e+00 1.00e+00 0.00e+00
  0.00e+00 0.00e+00 0.00e+00 1.82e-12 0.00e+00 0.00e+00 0.00e+00]
 [5.50e+04 4.44e+02 6.00e+00 4.00e+01 1.24e-01 0.00e+00 0.00e+00 0.00e+00
  1.00e+00 0.00e+00 1.00e+00 1.82e-12 0.00e+00 0.00e+00 0.00e+00]][[6.32e+04 8.00e+01 6.00e+00 4.40e+01 1.22e-04 1.00e+00 1.00e+00 0.00e+00
  0.00e+00 0.00e+00 0.00e+00 1.82e-12 0.00e+00 0.00e+00 0.00e+00]
 [6.32e+04 8.00e+01 6.00e+00 4.40e+01 9.50e-02 0.00e+00 1.00e+00 0.00e+00
  0.00e+00 0.00e+00 1.00e+00 1.82e-12 0.00e+00 0.00e+00 0.00e+00]
 [6.32e+04 8.00e+01 6.00e+00 4.00e+01 7.23e-01 1.00e+00 0.00e+00 0.00e+00
  1.00e+00 0.00e+00 0.00e+00 1.82e-12 0.00e+00 0.00e+00 0.00e+00]][[6.32e+04 2.20e+01 6.00e+00 4.40e+01 1.22e-04 1.00e+00 1.00e+00 0.00e+00
  0.00e+00 0.00e+00 0.00e+00 1.82e-12 0.00e+00 0.00e+00 0.00e+00]
 [6.32e+04 2.20e+01 6.00e+00 4.40e+01 1.36e-01 0.00e+00 1.00e+00 0.00e+00
  0.00e+00 0.00e+00 1.00e+00 1.82e-12 0.00e+00 0.00e+00 0.00e+00]
 [6.32e+04 2.20e+01 6.00e+00 4.00e+01 4.89e-01 1.00e+00 0.00e+00 0.00e+00
  1.00e+00 0.00e+00 0.00e+00 1.82e-12 0.00e+00 0.00e+00 0.00e+00]]