[[3.62e+04 8.00e+01 6.00e+00 6.00e+01 1.22e-04 1.00e+00 1.00e+00 0.00e+00
  0.00e+00 0.00e+00 0.00e+00 1.82e-12 0.00e+00 0.00e+00 0.00e+00]
 [3.62e+04 8.00e+01 6.00e+00 6.00e+01 1.31e-01 0.00e+00 1.00e+00 0.00e+00
  0.00e+00 0.00e+00 1.00e+00 1.82e-12 0.00e+00 0.00e+00 0.00e+00]
 [3.62e+04 8.00e+01 6.00e+00 5.20e+01 1.31e+00 1.00e+00 0.00e+00 0.00e+00
  0.00e+00 0.00e+00 1.00e+00 1.82e-12 0.00e+00 0.00e+00 0.00e+00]
 [3.62e+04 8.00e+01 6.00e+00 4.99e+02 4.03e-03 1.00e+00 0.00e+00 0.00e+00
  0.00e+00 1.00e+00 1.00e+00 1.82e-12 0.00e+00 0.00e+00 0.00e+00]
 [3.62e+04 8.00e+01 6.00e+00 5.20e+01 9.20e-02 0.00e+00 0.00e+00 0.00e+00
  0.00e+00 0.00e+00 1.00e+00 1.82e-12 0.00e+00 0.00e+00 0.00e+00]
 [3.62e+04 8.00e+01 6.00e+00 5.82e+02 3.58e+00 0.00e+00 0.00e+00 0.00e+00
  0.00e+00 1.00e+00 1.00e+00 1.82e-12 0.00e+00 0.00e+00 0.00e+00]
 [3.62e+04 8.00e+01 6.00e+00 5.20e+01 5.96e-01 1.00e+00 0.00e+00 0.00e+00
  0.00e+00 0.00e+00 1.00e+00 1.82e-12 0.00e+00 0.00e+00 0.00e+00]
 [3.62e+04 8.00e+01 6.00e+00 5.20e+01 5.00e+03 0.00e+00 0.00e+00 1.00e+00
  0.00e+00 0.00e+00 1.00e+00 1.82e-12 0.00e+00 0.00e+00 0.00e+00]
 [3.62e+04 8.00e+01 6.00e+00 5.20e+01 2.77e-01 1.00e+00 0.00e+00 1.00e+00
  0.00e+00 0.00e+00 1.00e+00 1.82e-12 0.00e+00 0.00e+00 0.00e+00]
 [3.62e+04 8.00e+01 6.00e+00 5.20e+01 3.50e-02 0.00e+00 0.00e+00 0.00e+00
  0.00e+00 0.00e+00 1.00e+00 1.82e-12 0.00e+00 0.00e+00 0.00e+00]][[3.62e+04 8.00e+01 6.00e+00 5.20e+01 1.22e-04 1.00e+00 0.00e+00 0.00e+00
  0.00e+00 0.00e+00 1.00e+00 1.82e-12 0.00e+00 0.00e+00 0.00e+00]][[3.62e+04 8.00e+01 6.00e+00 6.00e+01 1.22e-04 1.00e+00 1.00e+00 0.00e+00
  0.00e+00 0.00e+00 0.00e+00 1.82e-12 0.00e+00 0.00e+00 0.00e+00]
 [3.62e+04 8.00e+01 6.00e+00 6.00e+01 1.28e-01 0.00e+00 1.00e+00 0.00e+00
  0.00e+00 0.00e+00 1.00e+00 1.82e-12 0.00e+00 0.00e+00 0.00e+00]
 [3.62e+04 8.00e+01 6.00e+00 5.20e+01 7.73e-01 1.00e+00 0.00e+00 0.00e+00
  0.00e+00 0.00e+00 1.00e+00 1.82e-12 0.00e+00 0.00e+00 0.00e+00]
 [3.62e+04 8.00e+01 6.00e+00 5.12e+02 4.03e-03 1.00e+00 0.00e+00 0.00e+00
  0.00e+00 1.00e+00 1.00e+00 1.82e-12 0.00e+00 0.00e+00 0.00e+00]
 [3.62e+04 8.00e+01 6.00e+00 5.20e+01 9.29e-02 0.00e+00 0.00e+00 0.00e+00
  0.00e+00 0.00e+00 1.00e+00 1.82e-12 0.00e+00 0.00e+00 0.00e+00]
 [3.62e+04 8.00e+01 6.00e+00 1.89e+03 6.73e+01 0.00e+00 0.00e+00 0.00e+00
  0.00e+00 1.00e+00 1.00e+00 1.82e-12 0.00e+00 0.00e+00 0.00e+00]
 [3.62e+04 8.00e+01 6.00e+00 5.20e+01 7.39e-01 1.00e+00 0.00e+00 0.00e+00
  0.00e+00 0.00e+00 1.00e+00 1.82e-12 0.00e+00 0.00e+00 0.00e+00]
 [3.62e+04 8.00e+01 6.00e+00 5.20e+01 5.00e+03 0.00e+00 0.00e+00 1.00e+00
  0.00e+00 0.00e+00 1.00e+00 1.82e-12 0.00e+00 0.00e+00 0.00e+00]
 [3.62e+04 8.00e+01 6.00e+00 5.20e+01 5.27e-01 1.00e+00 0.00e+00 1.00e+00
  0.00e+00 0.00e+00 1.00e+00 1.82e-12 0.00e+00 0.00e+00 0.00e+00]
 [3.62e+04 8.00e+01 6.00e+00 5.20e+01 4.20e-02 0.00e+00 0.00e+00 0.00e+00
  0.00e+00 0.00e+00 1.00e+00 1.82e-12 0.00e+00 0.00e+00 0.00e+00]][[3.62e+04 8.00e+01 6.00e+00 6.00e+01 1.22e-04 1.00e+00 1.00e+00 0.00e+00
  0.00e+00 0.00e+00 0.00e+00 1.82e-12 0.00e+00 0.00e+00 0.00e+00]
 [3.62e+04 8.00e+01 6.00e+00 6.00e+01 1.14e-01 0.00e+00 1.00e+00 0.00e+00
  0.00e+00 0.00e+00 1.00e+00 1.82e-12 0.00e+00 0.00e+00 0.00e+00]
 [3.62e+04 8.00e+01 6.00e+00 5.20e+01 8.00e-01 1.00e+00 0.00e+00 0.00e+00
  0.00e+00 0.00e+00 1.00e+00 1.82e-12 0.00e+00 0.00e+00 0.00e+00]
 [3.62e+04 8.00e+01 6.00e+00 5.89e+02 4.03e-03 1.00e+00 0.00e+00 0.00e+00
  0.00e+00 1.00e+00 1.00e+00 1.82e-12 0.00e+00 0.00e+00 0.00e+00]
 [3.62e+04 8.00e+01 6.00e+00 5.20e+01 6.79e-02 0.00e+00 0.00e+00 0.00e+00
  0.00e+00 0.00e+00 1.00e+00 1.82e-12 0.00e+00 0.00e+00 0.00e+00]
 [3.62e+04 8.00e+01 6.00e+00 1.93e+03 3.25e+01 0.00e+00 0.00e+00 0.00e+00
  0.00e+00 1.00e+00 1.00e+00 1.82e-12 0.00e+00 0.00e+00 0.00e+00]
 [3.62e+04 8.00e+01 6.00e+00 5.20e+01 8.13e-01 1.00e+00 0.00e+00 0.00e+00
  0.00e+00 0.00e+00 1.00e+00 1.82e-12 0.00e+00 0.00e+00 0.00e+00]
 [3.62e+04 8.00e+01 6.00e+00 5.20e+01 5.00e+03 0.00e+00 0.00e+00 1.00e+00
  0.00e+00 0.00e+00 1.00e+00 1.82e-12 0.00e+00 0.00e+00 0.00e+00]
 [3.62e+04 8.00e+01 6.00e+00 5.20e+01 6.42e-01 1.00e+00 0.00e+00 1.00e+00
  0.00e+00 0.00e+00 1.00e+00 1.82e-12 0.00e+00 0.00e+00 0.00e+00]
 [3.62e+04 8.00e+01 6.00e+00 5.20e+01 4.28e-02 0.00e+00 0.00e+00 0.00e+00
  0.00e+00 0.00e+00 1.00e+00 1.82e-12 0.00e+00 0.00e+00 0.00e+00]][[3.62e+04 8.00e+01 6.00e+00 6.00e+01 1.22e-04 1.00e+00 1.00e+00 0.00e+00
  0.00e+00 0.00e+00 0.00e+00 1.82e-12 0.00e+00 0.00e+00 0.00e+00]
 [3.62e+04 8.00e+01 6.00e+00 6.00e+01 1.42e-01 0.00e+00 1.00e+00 0.00e+00
  0.00e+00 0.00e+00 1.00e+00 1.82e-12 0.00e+00 0.00e+00 0.00e+00]
 [3.62e+04 8.00e+01 6.00e+00 5.20e+01 7.44e-01 1.00e+00 0.00e+00 0.00e+00
  0.00e+00 0.00e+00 1.00e+00 1.82e-12 0.00e+00 0.00e+00 0.00e+00]
 [3.62e+04 8.00e+01 6.00e+00 6.52e+02 4.03e-03 1.00e+00 0.00e+00 0.00e+00
  0.00e+00 1.00e+00 1.00e+00 1.82e-12 0.00e+00 0.00e+00 0.00e+00]
 [3.62e+04 8.00e+01 6.00e+00 5.20e+01 9.89e-02 0.00e+00 0.00e+00 0.00e+00
  0.00e+00 0.00e+00 1.00e+00 1.82e-12 0.00e+00 0.00e+00 0.00e+00]
 [3.62e+04 8.00e+01 6.00e+00 4.20e+03 8.04e+01 0.00e+00 0.00e+00 0.00e+00
  0.00e+00 1.00e+00 1.00e+00 1.82e-12 0.00e+00 0.00e+00 0.00e+00]
 [3.62e+04 8.00e+01 6.00e+00 5.20e+01 7.80e-01 1.00e+00 0.00e+00 0.00e+00
  0.00e+00 0.00e+00 1.00e+00 1.82e-12 0.00e+00 0.00e+00 0.00e+00]
 [3.62e+04 8.00e+01 6.00e+00 5.20e+01 4.18e-01 1.00e+00 0.00e+00 0.00e+00
  0.00e+00 0.00e+00 1.00e+00 1.82e-12 0.00e+00 0.00e+00 0.00e+00]
 [3.62e+04 8.00e+01 6.00e+00 5.20e+01 5.00e+03 0.00e+00 0.00e+00 1.00e+00
  0.00e+00 0.00e+00 1.00e+00 1.82e-12 0.00e+00 0.00e+00 0.00e+00]
 [3.62e+04 8.00e+01 6.00e+00 5.20e+01 6.39e-01 1.00e+00 0.00e+00 1.00e+00
  0.00e+00 0.00e+00 1.00e+00 1.82e-12 0.00e+00 0.00e+00 0.00e+00]
 [3.62e+04 8.00e+01 6.00e+00 5.20e+01 4.80e-02 0.00e+00 0.00e+00 0.00e+00
  0.00e+00 0.00e+00 1.00e+00 1.82e-12 0.00e+00 0.00e+00 0.00e+00]][[3.62e+04 8.00e+01 6.00e+00 6.00e+01 1.22e-04 1.00e+00 1.00e+00 0.00e+00
  0.00e+00 0.00e+00 0.00e+00 1.82e-12 0.00e+00 0.00e+00 0.00e+00]
 [3.62e+04 8.00e+01 6.00e+00 6.00e+01 1.73e-01 0.00e+00 1.00e+00 0.00e+00
  0.00e+00 0.00e+00 1.00e+00 1.82e-12 0.00e+00 0.00e+00 0.00e+00]
 [3.62e+04 8.00e+01 6.00e+00 5.20e+01 5.50e-01 1.00e+00 0.00e+00 0.00e+00
  0.00e+00 0.00e+00 1.00e+00 1.82e-12 0.00e+00 0.00e+00 0.00e+00]
 [3.62e+04 8.00e+01 6.00e+00 6.51e+02 3.30e-01 1.00e+00 0.00e+00 0.00e+00
  0.00e+00 1.00e+00 1.00e+00 1.82e-12 0.00e+00 0.00e+00 0.00e+00]
 [3.62e+04 8.00e+01 6.00e+00 5.20e+01 1.08e-01 0.00e+00 0.00e+00 0.00e+00
  0.00e+00 0.00e+00 1.00e+00 1.82e-12 0.00e+00 0.00e+00 0.00e+00]
 [3.62e+04 8.00e+01 6.00e+00 2.07e+03 4.28e+00 0.00e+00 0.00e+00 0.00e+00
  0.00e+00 1.00e+00 1.00e+00 1.82e-12 0.00e+00 0.00e+00 0.00e+00]
 [3.62e+04 8.00e+01 6.00e+00 5.20e+01 6.77e-01 1.00e+00 0.00e+00 0.00e+00
  0.00e+00 0.00e+00 1.00e+00 1.82e-12 0.00e+00 0.00e+00 0.00e+00]
 [3.62e+04 8.00e+01 6.00e+00 5.20e+01 5.00e+03 0.00e+00 0.00e+00 1.00e+00
  0.00e+00 0.00e+00 1.00e+00 1.82e-12 0.00e+00 0.00e+00 0.00e+00]
 [3.62e+04 8.00e+01 6.00e+00 5.20e+01 4.84e-01 1.00e+00 0.00e+00 1.00e+00
  0.00e+00 0.00e+00 1.00e+00 1.82e-12 0.00e+00 0.00e+00 0.00e+00]
 [3.62e+04 8.00e+01 6.00e+00 5.20e+01 7.80e-02 0.00e+00 0.00e+00 0.00e+00
  0.00e+00 0.00e+00 1.00e+00 1.82e-12 0.00e+00 0.00e+00 0.00e+00]][[3.62e+04 8.00e+01 6.00e+00 6.00e+01 1.22e-04 1.00e+00 1.00e+00 0.00e+00
  0.00e+00 0.00e+00 0.00e+00 1.82e-12 0.00e+00 0.00e+00 0.00e+00]
 [3.62e+04 8.00e+01 6.00e+00 6.00e+01 1.24e-01 0.00e+00 1.00e+00 0.00e+00
  0.00e+00 0.00e+00 1.00e+00 1.82e-12 0.00e+00 0.00e+00 0.00e+00]
 [3.62e+04 8.00e+01 6.00e+00 5.20e+01 7.91e-01 1.00e+00 0.00e+00 0.00e+00
  0.00e+00 0.00e+00 1.00e+00 1.82e-12 0.00e+00 0.00e+00 0.00e+00]
 [3.62e+04 8.00e+01 6.00e+00 5.75e+02 4.88e-02 1.00e+00 0.00e+00 0.00e+00
  0.00e+00 1.00e+00 1.00e+00 1.82e-12 0.00e+00 0.00e+00 0.00e+00]
 [3.62e+04 8.00e+01 6.00e+00 5.20e+01 4.28e-02 0.00e+00 0.00e+00 0.00e+00
  0.00e+00 0.00e+00 1.00e+00 1.82e-12 0.00e+00 0.00e+00 0.00e+00]
 [3.62e+04 8.00e+01 6.00e+00 5.82e+02 2.76e+00 0.00e+00 0.00e+00 0.00e+00
  0.00e+00 1.00e+00 1.00e+00 1.82e-12 0.00e+00 0.00e+00 0.00e+00]
 [3.62e+04 8.00e+01 6.00e+00 5.20e+01 5.84e-01 1.00e+00 0.00e+00 0.00e+00
  0.00e+00 0.00e+00 1.00e+00 1.82e-12 0.00e+00 0.00e+00 0.00e+00]
 [3.62e+04 8.00e+01 6.00e+00 5.20e+01 5.00e+03 0.00e+00 0.00e+00 1.00e+00
  0.00e+00 0.00e+00 1.00e+00 1.82e-12 0.00e+00 0.00e+00 0.00e+00]
 [3.62e+04 8.00e+01 6.00e+00 5.20e+01 5.87e-01 1.00e+00 0.00e+00 1.00e+00
  0.00e+00 0.00e+00 1.00e+00 1.82e-12 0.00e+00 0.00e+00 0.00e+00]
 [3.62e+04 8.00e+01 6.00e+00 5.20e+01 7.10e-02 0.00e+00 0.00e+00 0.00e+00
  0.00e+00 0.00e+00 1.00e+00 1.82e-12 0.00e+00 0.00e+00 0.00e+00]][[3.62e+04 8.00e+01 6.00e+00 6.00e+01 1.22e-04 1.00e+00 1.00e+00 0.00e+00
  0.00e+00 0.00e+00 0.00e+00 1.82e-12 0.00e+00 0.00e+00 0.00e+00]
 [3.62e+04 8.00e+01 6.00e+00 6.00e+01 1.29e-01 0.00e+00 1.00e+00 0.00e+00
  0.00e+00 0.00e+00 1.00e+00 1.82e-12 0.00e+00 0.00e+00 0.00e+00]
 [3.62e+04 8.00e+01 6.00e+00 5.20e+01 7.92e-01 1.00e+00 0.00e+00 0.00e+00
  0.00e+00 0.00e+00 1.00e+00 1.82e-12 0.00e+00 0.00e+00 0.00e+00]
 [3.62e+04 8.00e+01 6.00e+00 5.88e+02 4.88e-02 1.00e+00 0.00e+00 0.00e+00
  0.00e+00 1.00e+00 1.00e+00 1.82e-12 0.00e+00 0.00e+00 0.00e+00]
 [3.62e+04 8.00e+01 6.00e+00 5.20e+01 4.80e-02 0.00e+00 0.00e+00 0.00e+00
  0.00e+00 0.00e+00 1.00e+00 1.82e-12 0.00e+00 0.00e+00 0.00e+00]
 [3.62e+04 8.00e+01 6.00e+00 1.89e+03 3.50e+00 0.00e+00 0.00e+00 0.00e+00
  0.00e+00 1.00e+00 1.00e+00 1.82e-12 0.00e+00 0.00e+00 0.00e+00]
 [3.62e+04 8.00e+01 6.00e+00 5.20e+01 7.01e-01 1.00e+00 0.00e+00 0.00e+00
  0.00e+00 0.00e+00 1.00e+00 1.82e-12 0.00e+00 0.00e+00 0.00e+00]
 [3.62e+04 8.00e+01 6.00e+00 5.20e+01 5.00e+03 0.00e+00 0.00e+00 1.00e+00
  0.00e+00 0.00e+00 1.00e+00 1.82e-12 0.00e+00 0.00e+00 0.00e+00]
 [3.62e+04 8.00e+01 6.00e+00 5.20e+01 6.27e-01 1.00e+00 0.00e+00 1.00e+00
  0.00e+00 0.00e+00 1.00e+00 1.82e-12 0.00e+00 0.00e+00 0.00e+00]
 [3.62e+04 8.00e+01 6.00e+00 5.20e+01 7.30e-02 0.00e+00 0.00e+00 0.00e+00
  0.00e+00 0.00e+00 1.00e+00 1.82e-12 0.00e+00 0.00e+00 0.00e+00]][[3.62e+04 8.00e+01 6.00e+00 6.00e+01 1.22e-04 1.00e+00 1.00e+00 0.00e+00
  0.00e+00 0.00e+00 0.00e+00 1.82e-12 0.00e+00 0.00e+00 0.00e+00]
 [3.62e+04 8.00e+01 6.00e+00 6.00e+01 1.06e-01 0.00e+00 1.00e+00 0.00e+00
  0.00e+00 0.00e+00 1.00e+00 1.82e-12 0.00e+00 0.00e+00 0.00e+00]
 [3.62e+04 8.00e+01 6.00e+00 5.20e+01 8.08e-01 1.00e+00 0.00e+00 0.00e+00
  0.00e+00 0.00e+00 1.00e+00 1.82e-12 0.00e+00 0.00e+00 0.00e+00]
 [3.62e+04 8.00e+01 6.00e+00 5.89e+02 4.03e-03 1.00e+00 0.00e+00 0.00e+00
  0.00e+00 1.00e+00 1.00e+00 1.82e-12 0.00e+00 0.00e+00 0.00e+00]
 [3.62e+04 8.00e+01 6.00e+00 5.20e+01 6.60e-02 0.00e+00 0.00e+00 0.00e+00
  0.00e+00 0.00e+00 1.00e+00 1.82e-12 0.00e+00 0.00e+00 0.00e+00]
 [3.62e+04 8.00e+01 6.00e+00 1.93e+03 5.12e+00 0.00e+00 0.00e+00 0.00e+00
  0.00e+00 1.00e+00 1.00e+00 1.82e-12 0.00e+00 0.00e+00 0.00e+00]
 [3.62e+04 8.00e+01 6.00e+00 5.20e+01 6.87e-01 1.00e+00 0.00e+00 0.00e+00
  0.00e+00 0.00e+00 1.00e+00 1.82e-12 0.00e+00 0.00e+00 0.00e+00]
 [3.62e+04 8.00e+01 6.00e+00 5.20e+01 5.00e+03 1.00e+00 0.00e+00 1.00e+00
  0.00e+00 0.00e+00 1.00e+00 1.82e-12 0.00e+00 0.00e+00 0.00e+00]
 [3.62e+04 8.00e+01 6.00e+00 5.20e+01 1.52e-01 0.00e+00 0.00e+00 1.00e+00
  0.00e+00 0.00e+00 1.00e+00 1.82e-12 0.00e+00 0.00e+00 0.00e+00]
 [3.62e+04 8.00e+01 6.00e+00 5.20e+01 5.90e-01 1.00e+00 0.00e+00 0.00e+00
  0.00e+00 0.00e+00 1.00e+00 1.82e-12 0.00e+00 0.00e+00 0.00e+00]][[3.62e+04 8.00e+01 6.00e+00 6.00e+01 1.22e-04 1.00e+00 1.00e+00 0.00e+00
  0.00e+00 0.00e+00 0.00e+00 1.82e-12 0.00e+00 0.00e+00 0.00e+00]
 [3.62e+04 8.00e+01 6.00e+00 6.00e+01 1.13e-01 0.00e+00 1.00e+00 0.00e+00
  0.00e+00 0.00e+00 1.00e+00 1.82e-12 0.00e+00 0.00e+00 0.00e+00]
 [3.62e+04 8.00e+01 6.00e+00 5.20e+01 8.13e-01 1.00e+00 0.00e+00 0.00e+00
  0.00e+00 0.00e+00 1.00e+00 1.82e-12 0.00e+00 0.00e+00 0.00e+00]
 [3.62e+04 8.00e+01 6.00e+00 6.52e+02 2.93e-03 1.00e+00 0.00e+00 0.00e+00
  0.00e+00 1.00e+00 1.00e+00 1.82e-12 0.00e+00 0.00e+00 0.00e+00]
 [3.62e+04 8.00e+01 6.00e+00 5.20e+01 6.40e-02 0.00e+00 0.00e+00 0.00e+00
  0.00e+00 0.00e+00 1.00e+00 1.82e-12 0.00e+00 0.00e+00 0.00e+00]
 [3.62e+04 8.00e+01 6.00e+00 1.50e+03 1.02e+01 0.00e+00 0.00e+00 0.00e+00
  0.00e+00 0.00e+00 1.00e+00 1.82e-12 0.00e+00 0.00e+00 0.00e+00]
 [3.62e+04 8.00e+01 6.00e+00 2.75e+03 5.10e-02 0.00e+00 0.00e+00 0.00e+00
  0.00e+00 1.00e+00 1.00e+00 1.82e-12 0.00e+00 0.00e+00 0.00e+00]
 [3.62e+04 8.00e+01 6.00e+00 5.20e+01 6.98e-01 1.00e+00 0.00e+00 0.00e+00
  0.00e+00 0.00e+00 1.00e+00 1.82e-12 0.00e+00 0.00e+00 0.00e+00]
 [3.62e+04 8.00e+01 6.00e+00 5.20e+01 3.90e-01 1.00e+00 0.00e+00 0.00e+00
  0.00e+00 0.00e+00 1.00e+00 1.82e-12 0.00e+00 0.00e+00 0.00e+00]
 [3.62e+04 8.00e+01 6.00e+00 5.20e+01 5.00e+03 1.00e+00 0.00e+00 1.00e+00
  0.00e+00 0.00e+00 1.00e+00 1.82e-12 0.00e+00 0.00e+00 0.00e+00]
 [3.62e+04 8.00e+01 6.00e+00 5.20e+01 1.19e-01 0.00e+00 0.00e+00 1.00e+00
  0.00e+00 0.00e+00 1.00e+00 1.82e-12 0.00e+00 0.00e+00 0.00e+00]
 [3.62e+04 8.00e+01 6.00e+00 5.20e+01 5.87e-01 1.00e+00 0.00e+00 0.00e+00
  0.00e+00 0.00e+00 1.00e+00 1.82e-12 0.00e+00 0.00e+00 0.00e+00]]