[[5.21e+04 2.10e+01 6.00e+00 6.00e+01 1.22e-04 1.00e+00 1.00e+00 0.00e+00
  0.00e+00 0.00e+00 0.00e+00 1.82e-12 0.00e+00 0.00e+00 0.00e+00]
 [5.21e+04 2.10e+01 6.00e+00 6.00e+01 1.29e-01 0.00e+00 1.00e+00 0.00e+00
  0.00e+00 0.00e+00 1.00e+00 1.82e-12 0.00e+00 0.00e+00 0.00e+00]
 [5.21e+04 2.10e+01 6.00e+00 5.20e+01 3.91e-01 1.00e+00 0.00e+00 0.00e+00
  0.00e+00 0.00e+00 1.00e+00 1.82e-12 0.00e+00 0.00e+00 0.00e+00]
 [5.21e+04 2.10e+01 6.00e+00 7.20e+01 3.88e+01 0.00e+00 0.00e+00 0.00e+00
  0.00e+00 1.00e+00 1.00e+00 1.82e-12 0.00e+00 0.00e+00 0.00e+00]
 [5.21e+04 2.10e+01 6.00e+00 5.20e+01 5.92e-01 1.00e+00 0.00e+00 0.00e+00
  0.00e+00 0.00e+00 1.00e+00 1.82e-12 0.00e+00 0.00e+00 0.00e+00]
 [5.21e+04 2.10e+01 6.00e+00 6.60e+01 9.77e-04 1.00e+00 0.00e+00 0.00e+00
  0.00e+00 1.00e+00 1.00e+00 1.82e-12 0.00e+00 0.00e+00 0.00e+00]
 [5.21e+04 2.10e+01 6.00e+00 5.20e+01 1.77e-01 0.00e+00 0.00e+00 0.00e+00
  0.00e+00 0.00e+00 1.00e+00 1.82e-12 0.00e+00 0.00e+00 0.00e+00]
 [5.21e+04 2.10e+01 6.00e+00 8.60e+01 3.06e+00 0.00e+00 0.00e+00 0.00e+00
  0.00e+00 1.00e+00 1.00e+00 1.82e-12 0.00e+00 0.00e+00 0.00e+00]
 [5.21e+04 2.10e+01 6.00e+00 6.90e+01 5.70e-01 1.00e+00 0.00e+00 0.00e+00
  0.00e+00 1.00e+00 1.00e+00 1.82e-12 0.00e+00 0.00e+00 0.00e+00]
 [5.21e+04 2.10e+01 6.00e+00 5.20e+01 4.35e+01 0.00e+00 0.00e+00 0.00e+00
  0.00e+00 0.00e+00 1.00e+00 1.82e-12 0.00e+00 0.00e+00 0.00e+00]
 [5.21e+04 2.10e+01 6.00e+00 7.40e+01 3.48e+03 0.00e+00 0.00e+00 0.00e+00
  0.00e+00 1.00e+00 1.00e+00 1.82e-12 0.00e+00 0.00e+00 0.00e+00]
 [5.21e+04 2.10e+01 6.00e+00 6.60e+01 1.08e+00 1.00e+00 0.00e+00 0.00e+00
  0.00e+00 1.00e+00 1.00e+00 1.82e-12 0.00e+00 0.00e+00 0.00e+00]
 [5.21e+04 2.10e+01 6.00e+00 5.20e+01 6.10e-02 0.00e+00 0.00e+00 0.00e+00
  0.00e+00 0.00e+00 1.00e+00 1.82e-12 0.00e+00 0.00e+00 0.00e+00]
 [5.21e+04 2.10e+01 6.00e+00 8.60e+01 2.93e-03 0.00e+00 0.00e+00 0.00e+00
  0.00e+00 1.00e+00 1.00e+00 1.82e-12 0.00e+00 0.00e+00 0.00e+00]
 [5.21e+04 2.10e+01 6.00e+00 7.80e+01 5.89e-01 1.00e+00 0.00e+00 0.00e+00
  0.00e+00 1.00e+00 1.00e+00 1.82e-12 0.00e+00 0.00e+00 0.00e+00]
 [5.21e+04 2.10e+01 6.00e+00 5.20e+01 4.22e+01 0.00e+00 0.00e+00 0.00e+00
  0.00e+00 0.00e+00 1.00e+00 1.82e-12 0.00e+00 0.00e+00 0.00e+00]
 [5.21e+04 2.10e+01 6.00e+00 7.40e+01 2.86e+03 0.00e+00 0.00e+00 0.00e+00
  0.00e+00 1.00e+00 1.00e+00 1.82e-12 0.00e+00 0.00e+00 0.00e+00]
 [5.21e+04 2.10e+01 6.00e+00 6.60e+01 7.30e-01 1.00e+00 0.00e+00 0.00e+00
  0.00e+00 1.00e+00 1.00e+00 1.82e-12 0.00e+00 0.00e+00 0.00e+00]
 [5.21e+04 2.10e+01 6.00e+00 5.20e+01 6.79e-02 0.00e+00 0.00e+00 0.00e+00
  0.00e+00 0.00e+00 1.00e+00 1.82e-12 0.00e+00 0.00e+00 0.00e+00]
 [5.21e+04 2.10e+01 6.00e+00 8.60e+01 4.03e-03 0.00e+00 0.00e+00 0.00e+00
  0.00e+00 1.00e+00 1.00e+00 1.82e-12 0.00e+00 0.00e+00 0.00e+00]
 [5.21e+04 2.10e+01 6.00e+00 7.20e+01 5.85e-01 1.00e+00 0.00e+00 0.00e+00
  0.00e+00 1.00e+00 1.00e+00 1.82e-12 0.00e+00 0.00e+00 0.00e+00]
 [5.21e+04 2.10e+01 6.00e+00 5.20e+01 4.33e+01 0.00e+00 0.00e+00 0.00e+00
  0.00e+00 0.00e+00 1.00e+00 1.82e-12 0.00e+00 0.00e+00 0.00e+00]
 [5.21e+04 2.10e+01 6.00e+00 7.40e+01 3.24e+03 0.00e+00 0.00e+00 0.00e+00
  0.00e+00 1.00e+00 1.00e+00 1.82e-12 0.00e+00 0.00e+00 0.00e+00]
 [5.21e+04 2.10e+01 6.00e+00 5.20e+01 1.92e-01 0.00e+00 0.00e+00 1.00e+00
  0.00e+00 0.00e+00 1.00e+00 1.82e-12 0.00e+00 0.00e+00 0.00e+00]
 [5.21e+04 2.10e+01 6.00e+00 6.60e+01 3.41e-01 1.00e+00 0.00e+00 0.00e+00
  0.00e+00 1.00e+00 1.00e+00 1.82e-12 0.00e+00 0.00e+00 0.00e+00]
 [5.21e+04 2.10e+01 6.00e+00 5.20e+01 1.78e-02 1.00e+00 0.00e+00 1.00e+00
  0.00e+00 0.00e+00 1.00e+00 1.82e-12 0.00e+00 0.00e+00 0.00e+00]
 [5.21e+04 2.10e+01 6.00e+00 4.00e+01 1.70e-02 0.00e+00 0.00e+00 0.00e+00
  1.00e+00 0.00e+00 0.00e+00 1.82e-12 0.00e+00 0.00e+00 0.00e+00]][[5.21e+04 2.10e+01 6.00e+00 6.00e+01 1.22e-04 1.00e+00 1.00e+00 0.00e+00
  0.00e+00 0.00e+00 0.00e+00 1.82e-12 0.00e+00 0.00e+00 0.00e+00]
 [5.21e+04 2.10e+01 6.00e+00 6.00e+01 1.31e-01 0.00e+00 1.00e+00 0.00e+00
  0.00e+00 0.00e+00 1.00e+00 1.82e-12 0.00e+00 0.00e+00 0.00e+00]
 [5.21e+04 2.10e+01 6.00e+00 5.20e+01 3.89e-01 1.00e+00 0.00e+00 0.00e+00
  0.00e+00 0.00e+00 1.00e+00 1.82e-12 0.00e+00 0.00e+00 0.00e+00]
 [5.21e+04 2.10e+01 6.00e+00 7.20e+01 3.76e+01 0.00e+00 0.00e+00 0.00e+00
  0.00e+00 1.00e+00 1.00e+00 1.82e-12 0.00e+00 0.00e+00 0.00e+00]
 [5.21e+04 2.10e+01 6.00e+00 5.20e+01 5.21e-01 1.00e+00 0.00e+00 0.00e+00
  0.00e+00 0.00e+00 1.00e+00 1.82e-12 0.00e+00 0.00e+00 0.00e+00]
 [5.21e+04 2.10e+01 6.00e+00 6.60e+01 1.95e-03 1.00e+00 0.00e+00 0.00e+00
  0.00e+00 1.00e+00 1.00e+00 1.82e-12 0.00e+00 0.00e+00 0.00e+00]
 [5.21e+04 2.10e+01 6.00e+00 5.20e+01 7.50e-02 0.00e+00 0.00e+00 0.00e+00
  0.00e+00 0.00e+00 1.00e+00 1.82e-12 0.00e+00 0.00e+00 0.00e+00]
 [5.21e+04 2.10e+01 6.00e+00 8.60e+01 4.46e+00 0.00e+00 0.00e+00 0.00e+00
  0.00e+00 1.00e+00 1.00e+00 1.82e-12 0.00e+00 0.00e+00 0.00e+00]
 [5.21e+04 2.10e+01 6.00e+00 7.20e+01 5.21e-01 1.00e+00 0.00e+00 0.00e+00
  0.00e+00 1.00e+00 1.00e+00 1.82e-12 0.00e+00 0.00e+00 0.00e+00]
 [5.21e+04 2.10e+01 6.00e+00 5.20e+01 4.34e+01 0.00e+00 0.00e+00 0.00e+00
  0.00e+00 0.00e+00 1.00e+00 1.82e-12 0.00e+00 0.00e+00 0.00e+00]
 [5.21e+04 2.10e+01 6.00e+00 7.40e+01 3.48e+03 0.00e+00 0.00e+00 0.00e+00
  0.00e+00 1.00e+00 1.00e+00 1.82e-12 0.00e+00 0.00e+00 0.00e+00]
 [5.21e+04 2.10e+01 6.00e+00 6.60e+01 8.83e-01 1.00e+00 0.00e+00 0.00e+00
  0.00e+00 1.00e+00 1.00e+00 1.82e-12 0.00e+00 0.00e+00 0.00e+00]
 [5.21e+04 2.10e+01 6.00e+00 5.20e+01 8.20e-02 0.00e+00 0.00e+00 0.00e+00
  0.00e+00 0.00e+00 1.00e+00 1.82e-12 0.00e+00 0.00e+00 0.00e+00]
 [5.21e+04 2.10e+01 6.00e+00 8.60e+01 1.50e+01 0.00e+00 0.00e+00 0.00e+00
  0.00e+00 1.00e+00 1.00e+00 1.82e-12 0.00e+00 0.00e+00 0.00e+00]
 [5.21e+04 2.10e+01 6.00e+00 6.90e+01 6.94e-01 1.00e+00 0.00e+00 0.00e+00
  0.00e+00 1.00e+00 1.00e+00 1.82e-12 0.00e+00 0.00e+00 0.00e+00]
 [5.21e+04 2.10e+01 6.00e+00 5.20e+01 4.32e+01 0.00e+00 0.00e+00 0.00e+00
  0.00e+00 0.00e+00 1.00e+00 1.82e-12 0.00e+00 0.00e+00 0.00e+00]
 [5.21e+04 2.10e+01 6.00e+00 7.40e+01 2.88e+03 0.00e+00 0.00e+00 0.00e+00
  0.00e+00 1.00e+00 1.00e+00 1.82e-12 0.00e+00 0.00e+00 0.00e+00]
 [5.21e+04 2.10e+01 6.00e+00 6.60e+01 9.90e-01 1.00e+00 0.00e+00 0.00e+00
  0.00e+00 1.00e+00 1.00e+00 1.82e-12 0.00e+00 0.00e+00 0.00e+00]
 [5.21e+04 2.10e+01 6.00e+00 5.20e+01 4.20e-02 0.00e+00 0.00e+00 0.00e+00
  0.00e+00 0.00e+00 1.00e+00 1.82e-12 0.00e+00 0.00e+00 0.00e+00]
 [5.21e+04 2.10e+01 6.00e+00 8.60e+01 2.93e-03 0.00e+00 0.00e+00 0.00e+00
  0.00e+00 1.00e+00 1.00e+00 1.82e-12 0.00e+00 0.00e+00 0.00e+00]
 [5.21e+04 2.10e+01 6.00e+00 6.90e+01 5.75e-01 1.00e+00 0.00e+00 0.00e+00
  0.00e+00 1.00e+00 1.00e+00 1.82e-12 0.00e+00 0.00e+00 0.00e+00]
 [5.21e+04 2.10e+01 6.00e+00 5.20e+01 4.39e+01 0.00e+00 0.00e+00 0.00e+00
  0.00e+00 0.00e+00 1.00e+00 1.82e-12 0.00e+00 0.00e+00 0.00e+00]
 [5.21e+04 2.10e+01 6.00e+00 7.40e+01 3.25e+03 0.00e+00 0.00e+00 0.00e+00
  0.00e+00 1.00e+00 1.00e+00 1.82e-12 0.00e+00 0.00e+00 0.00e+00]
 [5.21e+04 2.10e+01 6.00e+00 5.20e+01 2.93e-03 0.00e+00 0.00e+00 1.00e+00
  0.00e+00 0.00e+00 1.00e+00 1.82e-12 0.00e+00 0.00e+00 0.00e+00]
 [5.21e+04 2.10e+01 6.00e+00 6.60e+01 8.72e-01 1.00e+00 0.00e+00 0.00e+00
  0.00e+00 1.00e+00 1.00e+00 1.82e-12 0.00e+00 0.00e+00 0.00e+00]
 [5.21e+04 2.10e+01 6.00e+00 5.20e+01 4.03e-03 1.00e+00 0.00e+00 1.00e+00
  0.00e+00 0.00e+00 1.00e+00 1.82e-12 0.00e+00 0.00e+00 0.00e+00]
 [5.21e+04 2.10e+01 6.00e+00 4.00e+01 6.79e-02 0.00e+00 0.00e+00 0.00e+00
  1.00e+00 0.00e+00 0.00e+00 1.82e-12 0.00e+00 0.00e+00 0.00e+00]][[5.21e+04 2.10e+01 6.00e+00 6.00e+01 1.22e-04 1.00e+00 1.00e+00 0.00e+00
  0.00e+00 0.00e+00 0.00e+00 1.82e-12 0.00e+00 0.00e+00 0.00e+00]
 [5.21e+04 2.10e+01 6.00e+00 6.00e+01 8.61e-02 0.00e+00 1.00e+00 0.00e+00
  0.00e+00 0.00e+00 1.00e+00 1.82e-12 0.00e+00 0.00e+00 0.00e+00]
 [5.21e+04 2.10e+01 6.00e+00 5.20e+01 3.95e-01 1.00e+00 0.00e+00 0.00e+00
  0.00e+00 0.00e+00 1.00e+00 1.82e-12 0.00e+00 0.00e+00 0.00e+00]
 [5.21e+04 2.10e+01 6.00e+00 7.20e+01 3.67e+01 0.00e+00 0.00e+00 0.00e+00
  0.00e+00 1.00e+00 1.00e+00 1.82e-12 0.00e+00 0.00e+00 0.00e+00]
 [5.21e+04 2.10e+01 6.00e+00 5.20e+01 6.89e-01 1.00e+00 0.00e+00 0.00e+00
  0.00e+00 0.00e+00 1.00e+00 1.82e-12 0.00e+00 0.00e+00 0.00e+00]
 [5.21e+04 2.10e+01 6.00e+00 6.60e+01 2.93e-03 1.00e+00 0.00e+00 0.00e+00
  0.00e+00 1.00e+00 1.00e+00 1.82e-12 0.00e+00 0.00e+00 0.00e+00]
 [5.21e+04 2.10e+01 6.00e+00 5.20e+01 6.40e-02 0.00e+00 0.00e+00 0.00e+00
  0.00e+00 0.00e+00 1.00e+00 1.82e-12 0.00e+00 0.00e+00 0.00e+00]
 [5.21e+04 2.10e+01 6.00e+00 8.60e+01 1.96e-01 0.00e+00 0.00e+00 0.00e+00
  0.00e+00 1.00e+00 1.00e+00 1.82e-12 0.00e+00 0.00e+00 0.00e+00]
 [5.21e+04 2.10e+01 6.00e+00 6.90e+01 7.24e-01 1.00e+00 0.00e+00 0.00e+00
  0.00e+00 1.00e+00 1.00e+00 1.82e-12 0.00e+00 0.00e+00 0.00e+00]
 [5.21e+04 2.10e+01 6.00e+00 5.20e+01 4.02e+01 0.00e+00 0.00e+00 0.00e+00
  0.00e+00 0.00e+00 1.00e+00 1.82e-12 0.00e+00 0.00e+00 0.00e+00]
 [5.21e+04 2.10e+01 6.00e+00 7.40e+01 3.49e+03 0.00e+00 0.00e+00 0.00e+00
  0.00e+00 1.00e+00 1.00e+00 1.82e-12 0.00e+00 0.00e+00 0.00e+00]
 [5.21e+04 2.10e+01 6.00e+00 6.60e+01 6.62e-01 1.00e+00 0.00e+00 0.00e+00
  0.00e+00 1.00e+00 1.00e+00 1.82e-12 0.00e+00 0.00e+00 0.00e+00]
 [5.21e+04 2.10e+01 6.00e+00 5.20e+01 6.40e-02 0.00e+00 0.00e+00 0.00e+00
  0.00e+00 0.00e+00 1.00e+00 1.82e-12 0.00e+00 0.00e+00 0.00e+00]
 [5.21e+04 2.10e+01 6.00e+00 8.60e+01 3.21e+00 0.00e+00 0.00e+00 0.00e+00
  0.00e+00 1.00e+00 1.00e+00 1.82e-12 0.00e+00 0.00e+00 0.00e+00]
 [5.21e+04 2.10e+01 6.00e+00 6.80e+01 5.61e-01 1.00e+00 0.00e+00 0.00e+00
  0.00e+00 1.00e+00 1.00e+00 1.82e-12 0.00e+00 0.00e+00 0.00e+00]
 [5.21e+04 2.10e+01 6.00e+00 5.20e+01 4.34e+01 0.00e+00 0.00e+00 0.00e+00
  0.00e+00 0.00e+00 1.00e+00 1.82e-12 0.00e+00 0.00e+00 0.00e+00]
 [5.21e+04 2.10e+01 6.00e+00 7.40e+01 2.85e+03 0.00e+00 0.00e+00 0.00e+00
  0.00e+00 1.00e+00 1.00e+00 1.82e-12 0.00e+00 0.00e+00 0.00e+00]
 [5.21e+04 2.10e+01 6.00e+00 6.60e+01 1.08e+00 1.00e+00 0.00e+00 0.00e+00
  0.00e+00 1.00e+00 1.00e+00 1.82e-12 0.00e+00 0.00e+00 0.00e+00]
 [5.21e+04 2.10e+01 6.00e+00 5.20e+01 4.50e-02 0.00e+00 0.00e+00 0.00e+00
  0.00e+00 0.00e+00 1.00e+00 1.82e-12 0.00e+00 0.00e+00 0.00e+00]
 [5.21e+04 2.10e+01 6.00e+00 8.60e+01 2.93e-03 0.00e+00 0.00e+00 0.00e+00
  0.00e+00 1.00e+00 1.00e+00 1.82e-12 0.00e+00 0.00e+00 0.00e+00]
 [5.21e+04 2.10e+01 6.00e+00 7.10e+01 5.19e-01 1.00e+00 0.00e+00 0.00e+00
  0.00e+00 1.00e+00 1.00e+00 1.82e-12 0.00e+00 0.00e+00 0.00e+00]
 [5.21e+04 2.10e+01 6.00e+00 5.20e+01 4.31e+01 0.00e+00 0.00e+00 0.00e+00
  0.00e+00 0.00e+00 1.00e+00 1.82e-12 0.00e+00 0.00e+00 0.00e+00]
 [5.21e+04 2.10e+01 6.00e+00 7.40e+01 3.25e+03 0.00e+00 0.00e+00 0.00e+00
  0.00e+00 1.00e+00 1.00e+00 1.82e-12 0.00e+00 0.00e+00 0.00e+00]
 [5.21e+04 2.10e+01 6.00e+00 5.20e+01 4.03e-03 0.00e+00 0.00e+00 1.00e+00
  0.00e+00 0.00e+00 1.00e+00 1.82e-12 0.00e+00 0.00e+00 0.00e+00]
 [5.21e+04 2.10e+01 6.00e+00 6.60e+01 7.34e-01 1.00e+00 0.00e+00 0.00e+00
  0.00e+00 1.00e+00 1.00e+00 1.82e-12 0.00e+00 0.00e+00 0.00e+00]
 [5.21e+04 2.10e+01 6.00e+00 5.20e+01 2.93e-03 1.00e+00 0.00e+00 1.00e+00
  0.00e+00 0.00e+00 1.00e+00 1.82e-12 0.00e+00 0.00e+00 0.00e+00]
 [5.21e+04 2.10e+01 6.00e+00 4.00e+01 7.98e-02 0.00e+00 0.00e+00 0.00e+00
  1.00e+00 0.00e+00 0.00e+00 1.82e-12 0.00e+00 0.00e+00 0.00e+00]][[5.21e+04 2.10e+01 6.00e+00 6.00e+01 1.22e-04 1.00e+00 1.00e+00 0.00e+00
  0.00e+00 0.00e+00 0.00e+00 1.82e-12 0.00e+00 0.00e+00 0.00e+00]
 [5.21e+04 2.10e+01 6.00e+00 6.00e+01 1.50e-01 0.00e+00 1.00e+00 0.00e+00
  0.00e+00 0.00e+00 1.00e+00 1.82e-12 0.00e+00 0.00e+00 0.00e+00]
 [5.21e+04 2.10e+01 6.00e+00 5.20e+01 4.43e-01 1.00e+00 0.00e+00 0.00e+00
  0.00e+00 0.00e+00 1.00e+00 1.82e-12 0.00e+00 0.00e+00 0.00e+00]
 [5.21e+04 2.10e+01 6.00e+00 7.20e+01 1.56e+01 0.00e+00 0.00e+00 0.00e+00
  0.00e+00 1.00e+00 1.00e+00 1.82e-12 0.00e+00 0.00e+00 0.00e+00]
 [5.21e+04 2.10e+01 6.00e+00 5.20e+01 5.23e-01 1.00e+00 0.00e+00 0.00e+00
  0.00e+00 0.00e+00 1.00e+00 1.82e-12 0.00e+00 0.00e+00 0.00e+00]
 [5.21e+04 2.10e+01 6.00e+00 6.60e+01 2.48e-01 1.00e+00 0.00e+00 0.00e+00
  0.00e+00 1.00e+00 1.00e+00 1.82e-12 0.00e+00 0.00e+00 0.00e+00]
 [5.21e+04 2.10e+01 6.00e+00 5.20e+01 6.60e-02 0.00e+00 0.00e+00 0.00e+00
  0.00e+00 0.00e+00 1.00e+00 1.82e-12 0.00e+00 0.00e+00 0.00e+00]
 [5.21e+04 2.10e+01 6.00e+00 8.60e+01 3.30e-02 0.00e+00 0.00e+00 0.00e+00
  0.00e+00 1.00e+00 1.00e+00 1.82e-12 0.00e+00 0.00e+00 0.00e+00]
 [5.21e+04 2.10e+01 6.00e+00 7.00e+01 5.69e-01 1.00e+00 0.00e+00 0.00e+00
  0.00e+00 1.00e+00 1.00e+00 1.82e-12 0.00e+00 0.00e+00 0.00e+00]
 [5.21e+04 2.10e+01 6.00e+00 5.20e+01 4.15e+01 0.00e+00 0.00e+00 0.00e+00
  0.00e+00 0.00e+00 1.00e+00 1.82e-12 0.00e+00 0.00e+00 0.00e+00]
 [5.21e+04 2.10e+01 6.00e+00 7.40e+01 3.50e+03 0.00e+00 0.00e+00 0.00e+00
  0.00e+00 1.00e+00 1.00e+00 1.82e-12 0.00e+00 0.00e+00 0.00e+00]
 [5.21e+04 2.10e+01 6.00e+00 6.60e+01 5.84e-01 1.00e+00 0.00e+00 0.00e+00
  0.00e+00 1.00e+00 1.00e+00 1.82e-12 0.00e+00 0.00e+00 0.00e+00]
 [5.21e+04 2.10e+01 6.00e+00 5.20e+01 3.41e-02 0.00e+00 0.00e+00 0.00e+00
  0.00e+00 0.00e+00 1.00e+00 1.82e-12 0.00e+00 0.00e+00 0.00e+00]
 [5.21e+04 2.10e+01 6.00e+00 8.60e+01 4.51e+00 0.00e+00 0.00e+00 0.00e+00
  0.00e+00 1.00e+00 1.00e+00 1.82e-12 0.00e+00 0.00e+00 0.00e+00]
 [5.21e+04 2.10e+01 6.00e+00 6.80e+01 7.97e-01 1.00e+00 0.00e+00 0.00e+00
  0.00e+00 1.00e+00 1.00e+00 1.82e-12 0.00e+00 0.00e+00 0.00e+00]
 [5.21e+04 2.10e+01 6.00e+00 5.20e+01 4.30e+01 0.00e+00 0.00e+00 0.00e+00
  0.00e+00 0.00e+00 1.00e+00 1.82e-12 0.00e+00 0.00e+00 0.00e+00]
 [5.21e+04 2.10e+01 6.00e+00 7.40e+01 2.89e+03 0.00e+00 0.00e+00 0.00e+00
  0.00e+00 1.00e+00 1.00e+00 1.82e-12 0.00e+00 0.00e+00 0.00e+00]
 [5.21e+04 2.10e+01 6.00e+00 6.60e+01 7.64e-01 1.00e+00 0.00e+00 0.00e+00
  0.00e+00 1.00e+00 1.00e+00 1.82e-12 0.00e+00 0.00e+00 0.00e+00]
 [5.21e+04 2.10e+01 6.00e+00 5.20e+01 5.30e-02 0.00e+00 0.00e+00 0.00e+00
  0.00e+00 0.00e+00 1.00e+00 1.82e-12 0.00e+00 0.00e+00 0.00e+00]
 [5.21e+04 2.10e+01 6.00e+00 8.60e+01 2.93e-03 0.00e+00 0.00e+00 0.00e+00
  0.00e+00 1.00e+00 1.00e+00 1.82e-12 0.00e+00 0.00e+00 0.00e+00]
 [5.21e+04 2.10e+01 6.00e+00 6.90e+01 5.56e-01 1.00e+00 0.00e+00 0.00e+00
  0.00e+00 1.00e+00 1.00e+00 1.82e-12 0.00e+00 0.00e+00 0.00e+00]
 [5.21e+04 2.10e+01 6.00e+00 5.20e+01 4.02e+01 0.00e+00 0.00e+00 0.00e+00
  0.00e+00 0.00e+00 1.00e+00 1.82e-12 0.00e+00 0.00e+00 0.00e+00]
 [5.21e+04 2.10e+01 6.00e+00 7.40e+01 3.26e+03 0.00e+00 0.00e+00 0.00e+00
  0.00e+00 1.00e+00 1.00e+00 1.82e-12 0.00e+00 0.00e+00 0.00e+00]
 [5.21e+04 2.10e+01 6.00e+00 5.20e+01 1.91e-01 0.00e+00 0.00e+00 1.00e+00
  0.00e+00 0.00e+00 1.00e+00 1.82e-12 0.00e+00 0.00e+00 0.00e+00]
 [5.21e+04 2.10e+01 6.00e+00 6.60e+01 5.27e-01 1.00e+00 0.00e+00 0.00e+00
  0.00e+00 1.00e+00 1.00e+00 1.82e-12 0.00e+00 0.00e+00 0.00e+00]
 [5.21e+04 2.10e+01 6.00e+00 4.00e+01 3.20e-02 0.00e+00 0.00e+00 0.00e+00
  1.00e+00 0.00e+00 0.00e+00 1.82e-12 0.00e+00 0.00e+00 0.00e+00]][[5.21e+04 2.10e+01 6.00e+00 6.00e+01 1.22e-04 1.00e+00 1.00e+00 0.00e+00
  0.00e+00 0.00e+00 0.00e+00 1.82e-12 0.00e+00 0.00e+00 0.00e+00]
 [5.21e+04 2.10e+01 6.00e+00 6.00e+01 6.51e-02 0.00e+00 1.00e+00 0.00e+00
  0.00e+00 0.00e+00 1.00e+00 1.82e-12 0.00e+00 0.00e+00 0.00e+00]
 [5.21e+04 2.10e+01 6.00e+00 5.20e+01 5.03e-01 1.00e+00 0.00e+00 0.00e+00
  0.00e+00 0.00e+00 1.00e+00 1.82e-12 0.00e+00 0.00e+00 0.00e+00]
 [5.21e+04 2.10e+01 6.00e+00 7.20e+01 1.35e+01 0.00e+00 0.00e+00 0.00e+00
  0.00e+00 1.00e+00 1.00e+00 1.82e-12 0.00e+00 0.00e+00 0.00e+00]
 [5.21e+04 2.10e+01 6.00e+00 5.20e+01 5.25e-01 1.00e+00 0.00e+00 0.00e+00
  0.00e+00 0.00e+00 1.00e+00 1.82e-12 0.00e+00 0.00e+00 0.00e+00]
 [5.21e+04 2.10e+01 6.00e+00 6.60e+01 2.32e-01 1.00e+00 0.00e+00 0.00e+00
  0.00e+00 1.00e+00 1.00e+00 1.82e-12 0.00e+00 0.00e+00 0.00e+00]
 [5.21e+04 2.10e+01 6.00e+00 5.20e+01 6.51e-02 0.00e+00 0.00e+00 0.00e+00
  0.00e+00 0.00e+00 1.00e+00 1.82e-12 0.00e+00 0.00e+00 0.00e+00]
 [5.21e+04 2.10e+01 6.00e+00 8.60e+01 4.10e+00 0.00e+00 0.00e+00 0.00e+00
  0.00e+00 1.00e+00 1.00e+00 1.82e-12 0.00e+00 0.00e+00 0.00e+00]
 [5.21e+04 2.10e+01 6.00e+00 7.10e+01 6.06e-01 1.00e+00 0.00e+00 0.00e+00
  0.00e+00 1.00e+00 1.00e+00 1.82e-12 0.00e+00 0.00e+00 0.00e+00]
 [5.21e+04 2.10e+01 6.00e+00 5.20e+01 4.33e+01 0.00e+00 0.00e+00 0.00e+00
  0.00e+00 0.00e+00 1.00e+00 1.82e-12 0.00e+00 0.00e+00 0.00e+00]
 [5.21e+04 2.10e+01 6.00e+00 7.40e+01 3.50e+03 0.00e+00 0.00e+00 0.00e+00
  0.00e+00 1.00e+00 1.00e+00 1.82e-12 0.00e+00 0.00e+00 0.00e+00]
 [5.21e+04 2.10e+01 6.00e+00 6.60e+01 1.13e+00 1.00e+00 0.00e+00 0.00e+00
  0.00e+00 1.00e+00 1.00e+00 1.82e-12 0.00e+00 0.00e+00 0.00e+00]
 [5.21e+04 2.10e+01 6.00e+00 5.20e+01 5.62e-02 0.00e+00 0.00e+00 0.00e+00
  0.00e+00 0.00e+00 1.00e+00 1.82e-12 0.00e+00 0.00e+00 0.00e+00]
 [5.21e+04 2.10e+01 6.00e+00 8.60e+01 6.84e+00 0.00e+00 0.00e+00 0.00e+00
  0.00e+00 1.00e+00 1.00e+00 1.82e-12 0.00e+00 0.00e+00 0.00e+00]
 [5.21e+04 2.10e+01 6.00e+00 7.20e+01 1.05e+00 1.00e+00 0.00e+00 0.00e+00
  0.00e+00 1.00e+00 1.00e+00 1.82e-12 0.00e+00 0.00e+00 0.00e+00]
 [5.21e+04 2.10e+01 6.00e+00 5.20e+01 4.28e+01 0.00e+00 0.00e+00 0.00e+00
  0.00e+00 0.00e+00 1.00e+00 1.82e-12 0.00e+00 0.00e+00 0.00e+00]
 [5.21e+04 2.10e+01 6.00e+00 7.40e+01 2.87e+03 0.00e+00 0.00e+00 0.00e+00
  0.00e+00 1.00e+00 1.00e+00 1.82e-12 0.00e+00 0.00e+00 0.00e+00]
 [5.21e+04 2.10e+01 6.00e+00 6.60e+01 6.01e-01 1.00e+00 0.00e+00 0.00e+00
  0.00e+00 1.00e+00 1.00e+00 1.82e-12 0.00e+00 0.00e+00 0.00e+00]
 [5.21e+04 2.10e+01 6.00e+00 5.20e+01 3.11e-02 0.00e+00 0.00e+00 0.00e+00
  0.00e+00 0.00e+00 1.00e+00 1.82e-12 0.00e+00 0.00e+00 0.00e+00]
 [5.21e+04 2.10e+01 6.00e+00 8.60e+01 4.80e-02 0.00e+00 0.00e+00 0.00e+00
  0.00e+00 1.00e+00 1.00e+00 1.82e-12 0.00e+00 0.00e+00 0.00e+00]
 [5.21e+04 2.10e+01 6.00e+00 7.10e+01 5.45e-01 1.00e+00 0.00e+00 0.00e+00
  0.00e+00 1.00e+00 1.00e+00 1.82e-12 0.00e+00 0.00e+00 0.00e+00]
 [5.21e+04 2.10e+01 6.00e+00 5.20e+01 4.22e+01 0.00e+00 0.00e+00 0.00e+00
  0.00e+00 0.00e+00 1.00e+00 1.82e-12 0.00e+00 0.00e+00 0.00e+00]
 [5.21e+04 2.10e+01 6.00e+00 7.40e+01 3.25e+03 0.00e+00 0.00e+00 0.00e+00
  0.00e+00 1.00e+00 1.00e+00 1.82e-12 0.00e+00 0.00e+00 0.00e+00]
 [5.21e+04 2.10e+01 6.00e+00 5.20e+01 2.93e-03 0.00e+00 0.00e+00 1.00e+00
  0.00e+00 0.00e+00 1.00e+00 1.82e-12 0.00e+00 0.00e+00 0.00e+00]
 [5.21e+04 2.10e+01 6.00e+00 6.60e+01 6.69e-01 1.00e+00 0.00e+00 0.00e+00
  0.00e+00 1.00e+00 1.00e+00 1.82e-12 0.00e+00 0.00e+00 0.00e+00]
 [5.21e+04 2.10e+01 6.00e+00 4.00e+01 2.40e-02 0.00e+00 0.00e+00 0.00e+00
  1.00e+00 0.00e+00 0.00e+00 1.82e-12 0.00e+00 0.00e+00 0.00e+00]][[5.21e+04 2.10e+01 6.00e+00 6.00e+01 1.22e-04 1.00e+00 1.00e+00 0.00e+00
  0.00e+00 0.00e+00 0.00e+00 1.82e-12 0.00e+00 0.00e+00 0.00e+00]
 [5.21e+04 2.10e+01 6.00e+00 6.00e+01 5.51e-02 0.00e+00 1.00e+00 0.00e+00
  0.00e+00 0.00e+00 1.00e+00 1.82e-12 0.00e+00 0.00e+00 0.00e+00]
 [5.21e+04 2.10e+01 6.00e+00 5.20e+01 4.88e-01 1.00e+00 0.00e+00 0.00e+00
  0.00e+00 0.00e+00 1.00e+00 1.82e-12 0.00e+00 0.00e+00 0.00e+00]
 [5.21e+04 2.10e+01 6.00e+00 7.20e+01 1.14e+01 0.00e+00 0.00e+00 0.00e+00
  0.00e+00 1.00e+00 1.00e+00 1.82e-12 0.00e+00 0.00e+00 0.00e+00]
 [5.21e+04 2.10e+01 6.00e+00 5.20e+01 6.66e-01 1.00e+00 0.00e+00 0.00e+00
  0.00e+00 0.00e+00 1.00e+00 1.82e-12 0.00e+00 0.00e+00 0.00e+00]
 [5.21e+04 2.10e+01 6.00e+00 6.60e+01 2.19e-01 1.00e+00 0.00e+00 0.00e+00
  0.00e+00 1.00e+00 1.00e+00 1.82e-12 0.00e+00 0.00e+00 0.00e+00]
 [5.21e+04 2.10e+01 6.00e+00 5.20e+01 1.67e-01 0.00e+00 0.00e+00 0.00e+00
  0.00e+00 0.00e+00 1.00e+00 1.82e-12 0.00e+00 0.00e+00 0.00e+00]
 [5.21e+04 2.10e+01 6.00e+00 8.60e+01 1.33e+00 0.00e+00 0.00e+00 0.00e+00
  0.00e+00 1.00e+00 1.00e+00 1.82e-12 0.00e+00 0.00e+00 0.00e+00]
 [5.21e+04 2.10e+01 6.00e+00 7.20e+01 5.96e-01 1.00e+00 0.00e+00 0.00e+00
  0.00e+00 1.00e+00 1.00e+00 1.82e-12 0.00e+00 0.00e+00 0.00e+00]
 [5.21e+04 2.10e+01 6.00e+00 5.20e+01 4.41e+01 0.00e+00 0.00e+00 0.00e+00
  0.00e+00 0.00e+00 1.00e+00 1.82e-12 0.00e+00 0.00e+00 0.00e+00]
 [5.21e+04 2.10e+01 6.00e+00 7.40e+01 3.50e+03 0.00e+00 0.00e+00 0.00e+00
  0.00e+00 1.00e+00 1.00e+00 1.82e-12 0.00e+00 0.00e+00 0.00e+00]
 [5.21e+04 2.10e+01 6.00e+00 6.60e+01 1.02e+00 1.00e+00 0.00e+00 0.00e+00
  0.00e+00 1.00e+00 1.00e+00 1.82e-12 0.00e+00 0.00e+00 0.00e+00]
 [5.21e+04 2.10e+01 6.00e+00 5.20e+01 1.78e-02 0.00e+00 0.00e+00 0.00e+00
  0.00e+00 0.00e+00 1.00e+00 1.82e-12 0.00e+00 0.00e+00 0.00e+00]
 [5.21e+04 2.10e+01 6.00e+00 8.60e+01 4.40e+00 0.00e+00 0.00e+00 0.00e+00
  0.00e+00 1.00e+00 1.00e+00 1.82e-12 0.00e+00 0.00e+00 0.00e+00]
 [5.21e+04 2.10e+01 6.00e+00 7.20e+01 1.19e+00 1.00e+00 0.00e+00 0.00e+00
  0.00e+00 1.00e+00 1.00e+00 1.82e-12 0.00e+00 0.00e+00 0.00e+00]
 [5.21e+04 2.10e+01 6.00e+00 5.20e+01 4.28e+01 0.00e+00 0.00e+00 0.00e+00
  0.00e+00 0.00e+00 1.00e+00 1.82e-12 0.00e+00 0.00e+00 0.00e+00]
 [5.21e+04 2.10e+01 6.00e+00 7.40e+01 2.88e+03 0.00e+00 0.00e+00 0.00e+00
  0.00e+00 1.00e+00 1.00e+00 1.82e-12 0.00e+00 0.00e+00 0.00e+00]
 [5.21e+04 2.10e+01 6.00e+00 6.60e+01 6.83e-01 1.00e+00 0.00e+00 0.00e+00
  0.00e+00 1.00e+00 1.00e+00 1.82e-12 0.00e+00 0.00e+00 0.00e+00]
 [5.21e+04 2.10e+01 6.00e+00 5.20e+01 6.01e-02 0.00e+00 0.00e+00 0.00e+00
  0.00e+00 0.00e+00 1.00e+00 1.82e-12 0.00e+00 0.00e+00 0.00e+00]
 [5.21e+04 2.10e+01 6.00e+00 8.60e+01 4.03e-03 0.00e+00 0.00e+00 0.00e+00
  0.00e+00 1.00e+00 1.00e+00 1.82e-12 0.00e+00 0.00e+00 0.00e+00]
 [5.21e+04 2.10e+01 6.00e+00 7.50e+01 5.74e-01 1.00e+00 0.00e+00 0.00e+00
  0.00e+00 1.00e+00 1.00e+00 1.82e-12 0.00e+00 0.00e+00 0.00e+00]
 [5.21e+04 2.10e+01 6.00e+00 5.20e+01 4.21e+01 0.00e+00 0.00e+00 0.00e+00
  0.00e+00 0.00e+00 1.00e+00 1.82e-12 0.00e+00 0.00e+00 0.00e+00]
 [5.21e+04 2.10e+01 6.00e+00 7.40e+01 3.25e+03 0.00e+00 0.00e+00 0.00e+00
  0.00e+00 1.00e+00 1.00e+00 1.82e-12 0.00e+00 0.00e+00 0.00e+00]
 [5.21e+04 2.10e+01 6.00e+00 5.20e+01 4.80e-02 0.00e+00 0.00e+00 1.00e+00
  0.00e+00 0.00e+00 1.00e+00 1.82e-12 0.00e+00 0.00e+00 0.00e+00]
 [5.21e+04 2.10e+01 6.00e+00 6.60e+01 6.68e-01 1.00e+00 0.00e+00 0.00e+00
  0.00e+00 1.00e+00 1.00e+00 1.82e-12 0.00e+00 0.00e+00 0.00e+00]
 [5.21e+04 2.10e+01 6.00e+00 5.20e+01 2.93e-03 1.00e+00 0.00e+00 1.00e+00
  0.00e+00 0.00e+00 1.00e+00 1.82e-12 0.00e+00 0.00e+00 0.00e+00]
 [5.21e+04 2.10e+01 6.00e+00 4.00e+01 4.80e-02 0.00e+00 0.00e+00 0.00e+00
  1.00e+00 0.00e+00 0.00e+00 1.82e-12 0.00e+00 0.00e+00 0.00e+00]][[5.21e+04 2.10e+01 6.00e+00 6.00e+01 1.22e-04 1.00e+00 1.00e+00 0.00e+00
  0.00e+00 0.00e+00 0.00e+00 1.82e-12 0.00e+00 0.00e+00 0.00e+00]
 [5.21e+04 2.10e+01 6.00e+00 6.00e+01 1.50e-02 0.00e+00 1.00e+00 0.00e+00
  0.00e+00 0.00e+00 1.00e+00 1.82e-12 0.00e+00 0.00e+00 0.00e+00]
 [5.21e+04 2.10e+01 6.00e+00 5.20e+01 5.18e-01 1.00e+00 0.00e+00 0.00e+00
  0.00e+00 0.00e+00 1.00e+00 1.82e-12 0.00e+00 0.00e+00 0.00e+00]
 [5.21e+04 2.10e+01 6.00e+00 7.20e+01 1.15e+01 0.00e+00 0.00e+00 0.00e+00
  0.00e+00 1.00e+00 1.00e+00 1.82e-12 0.00e+00 0.00e+00 0.00e+00]
 [5.21e+04 2.10e+01 6.00e+00 5.20e+01 5.00e-01 1.00e+00 0.00e+00 0.00e+00
  0.00e+00 0.00e+00 1.00e+00 1.82e-12 0.00e+00 0.00e+00 0.00e+00]
 [5.21e+04 2.10e+01 6.00e+00 6.60e+01 2.59e-01 1.00e+00 0.00e+00 0.00e+00
  0.00e+00 1.00e+00 1.00e+00 1.82e-12 0.00e+00 0.00e+00 0.00e+00]
 [5.21e+04 2.10e+01 6.00e+00 5.20e+01 6.01e-02 0.00e+00 0.00e+00 0.00e+00
  0.00e+00 0.00e+00 1.00e+00 1.82e-12 0.00e+00 0.00e+00 0.00e+00]
 [5.21e+04 2.10e+01 6.00e+00 8.60e+01 1.31e+00 0.00e+00 0.00e+00 0.00e+00
  0.00e+00 1.00e+00 1.00e+00 1.82e-12 0.00e+00 0.00e+00 0.00e+00]
 [5.21e+04 2.10e+01 6.00e+00 7.00e+01 7.06e-01 1.00e+00 0.00e+00 0.00e+00
  0.00e+00 1.00e+00 1.00e+00 1.82e-12 0.00e+00 0.00e+00 0.00e+00]
 [5.21e+04 2.10e+01 6.00e+00 5.20e+01 4.40e+01 0.00e+00 0.00e+00 0.00e+00
  0.00e+00 0.00e+00 1.00e+00 1.82e-12 0.00e+00 0.00e+00 0.00e+00]
 [5.21e+04 2.10e+01 6.00e+00 7.40e+01 3.50e+03 0.00e+00 0.00e+00 0.00e+00
  0.00e+00 1.00e+00 1.00e+00 1.82e-12 0.00e+00 0.00e+00 0.00e+00]
 [5.21e+04 2.10e+01 6.00e+00 5.20e+01 5.93e-01 0.00e+00 0.00e+00 0.00e+00
  0.00e+00 0.00e+00 1.00e+00 1.82e-12 0.00e+00 0.00e+00 0.00e+00]
 [5.21e+04 2.10e+01 6.00e+00 8.60e+01 5.02e-02 0.00e+00 0.00e+00 0.00e+00
  0.00e+00 1.00e+00 1.00e+00 1.82e-12 0.00e+00 0.00e+00 0.00e+00]
 [5.21e+04 2.10e+01 6.00e+00 6.60e+01 7.90e-02 1.00e+00 0.00e+00 0.00e+00
  0.00e+00 1.00e+00 1.00e+00 1.82e-12 0.00e+00 0.00e+00 0.00e+00]
 [5.21e+04 2.10e+01 6.00e+00 7.20e+01 5.87e-01 1.00e+00 0.00e+00 0.00e+00
  0.00e+00 1.00e+00 1.00e+00 1.82e-12 0.00e+00 0.00e+00 0.00e+00]
 [5.21e+04 2.10e+01 6.00e+00 5.20e+01 4.10e+01 0.00e+00 0.00e+00 0.00e+00
  0.00e+00 0.00e+00 1.00e+00 1.82e-12 0.00e+00 0.00e+00 0.00e+00]
 [5.21e+04 2.10e+01 6.00e+00 7.40e+01 2.90e+03 0.00e+00 0.00e+00 0.00e+00
  0.00e+00 1.00e+00 1.00e+00 1.82e-12 0.00e+00 0.00e+00 0.00e+00]
 [5.21e+04 2.10e+01 6.00e+00 6.60e+01 6.74e-01 1.00e+00 0.00e+00 0.00e+00
  0.00e+00 1.00e+00 1.00e+00 1.82e-12 0.00e+00 0.00e+00 0.00e+00]
 [5.21e+04 2.10e+01 6.00e+00 5.20e+01 5.40e-02 0.00e+00 0.00e+00 0.00e+00
  0.00e+00 0.00e+00 1.00e+00 1.82e-12 0.00e+00 0.00e+00 0.00e+00]
 [5.21e+04 2.10e+01 6.00e+00 8.60e+01 2.93e-03 0.00e+00 0.00e+00 0.00e+00
  0.00e+00 1.00e+00 1.00e+00 1.82e-12 0.00e+00 0.00e+00 0.00e+00]
 [5.21e+04 2.10e+01 6.00e+00 6.80e+01 5.64e-01 1.00e+00 0.00e+00 0.00e+00
  0.00e+00 1.00e+00 1.00e+00 1.82e-12 0.00e+00 0.00e+00 0.00e+00]
 [5.21e+04 2.10e+01 6.00e+00 5.20e+01 4.04e+01 0.00e+00 0.00e+00 0.00e+00
  0.00e+00 0.00e+00 1.00e+00 1.82e-12 0.00e+00 0.00e+00 0.00e+00]
 [5.21e+04 2.10e+01 6.00e+00 7.40e+01 3.26e+03 0.00e+00 0.00e+00 0.00e+00
  0.00e+00 1.00e+00 1.00e+00 1.82e-12 0.00e+00 0.00e+00 0.00e+00]
 [5.21e+04 2.10e+01 6.00e+00 5.20e+01 2.93e-03 0.00e+00 0.00e+00 1.00e+00
  0.00e+00 0.00e+00 1.00e+00 1.82e-12 0.00e+00 0.00e+00 0.00e+00]
 [5.21e+04 2.10e+01 6.00e+00 6.60e+01 6.78e-01 1.00e+00 0.00e+00 0.00e+00
  0.00e+00 1.00e+00 1.00e+00 1.82e-12 0.00e+00 0.00e+00 0.00e+00]
 [5.21e+04 2.10e+01 6.00e+00 5.20e+01 2.93e-03 1.00e+00 0.00e+00 1.00e+00
  0.00e+00 0.00e+00 1.00e+00 1.82e-12 0.00e+00 0.00e+00 0.00e+00]
 [5.21e+04 2.10e+01 6.00e+00 4.00e+01 6.99e-02 0.00e+00 0.00e+00 0.00e+00
  1.00e+00 0.00e+00 0.00e+00 1.82e-12 0.00e+00 0.00e+00 0.00e+00]][[5.21e+04 2.10e+01 6.00e+00 6.00e+01 1.22e-04 1.00e+00 1.00e+00 0.00e+00
  0.00e+00 0.00e+00 0.00e+00 1.82e-12 0.00e+00 0.00e+00 0.00e+00]
 [5.21e+04 2.10e+01 6.00e+00 6.00e+01 5.70e-02 0.00e+00 1.00e+00 0.00e+00
  0.00e+00 0.00e+00 1.00e+00 1.82e-12 0.00e+00 0.00e+00 0.00e+00]
 [5.21e+04 2.10e+01 6.00e+00 5.20e+01 4.76e-01 1.00e+00 0.00e+00 0.00e+00
  0.00e+00 0.00e+00 1.00e+00 1.82e-12 0.00e+00 0.00e+00 0.00e+00]
 [5.21e+04 2.10e+01 6.00e+00 7.20e+01 1.15e+01 0.00e+00 0.00e+00 0.00e+00
  0.00e+00 1.00e+00 1.00e+00 1.82e-12 0.00e+00 0.00e+00 0.00e+00]
 [5.21e+04 2.10e+01 6.00e+00 5.20e+01 4.81e-01 1.00e+00 0.00e+00 0.00e+00
  0.00e+00 0.00e+00 1.00e+00 1.82e-12 0.00e+00 0.00e+00 0.00e+00]
 [5.21e+04 2.10e+01 6.00e+00 6.60e+01 2.13e-01 1.00e+00 0.00e+00 0.00e+00
  0.00e+00 1.00e+00 1.00e+00 1.82e-12 0.00e+00 0.00e+00 0.00e+00]
 [5.21e+04 2.10e+01 6.00e+00 5.20e+01 1.69e-01 0.00e+00 0.00e+00 0.00e+00
  0.00e+00 0.00e+00 1.00e+00 1.82e-12 0.00e+00 0.00e+00 0.00e+00]
 [5.21e+04 2.10e+01 6.00e+00 8.60e+01 1.33e+00 0.00e+00 0.00e+00 0.00e+00
  0.00e+00 1.00e+00 1.00e+00 1.82e-12 0.00e+00 0.00e+00 0.00e+00]
 [5.21e+04 2.10e+01 6.00e+00 7.20e+01 6.30e-01 1.00e+00 0.00e+00 0.00e+00
  0.00e+00 1.00e+00 1.00e+00 1.82e-12 0.00e+00 0.00e+00 0.00e+00]
 [5.21e+04 2.10e+01 6.00e+00 5.20e+01 4.41e+01 0.00e+00 0.00e+00 0.00e+00
  0.00e+00 0.00e+00 1.00e+00 1.82e-12 0.00e+00 0.00e+00 0.00e+00]
 [5.21e+04 2.10e+01 6.00e+00 7.40e+01 3.50e+03 0.00e+00 0.00e+00 0.00e+00
  0.00e+00 1.00e+00 1.00e+00 1.82e-12 0.00e+00 0.00e+00 0.00e+00]
 [5.21e+04 2.10e+01 6.00e+00 6.60e+01 9.80e-01 1.00e+00 0.00e+00 0.00e+00
  0.00e+00 1.00e+00 1.00e+00 1.82e-12 0.00e+00 0.00e+00 0.00e+00]
 [5.21e+04 2.10e+01 6.00e+00 5.20e+01 1.39e-01 0.00e+00 0.00e+00 0.00e+00
  0.00e+00 0.00e+00 1.00e+00 1.82e-12 0.00e+00 0.00e+00 0.00e+00]
 [5.21e+04 2.10e+01 6.00e+00 8.60e+01 9.77e-04 0.00e+00 0.00e+00 0.00e+00
  0.00e+00 1.00e+00 1.00e+00 1.82e-12 0.00e+00 0.00e+00 0.00e+00]
 [5.21e+04 2.10e+01 6.00e+00 7.00e+01 6.41e-01 1.00e+00 0.00e+00 0.00e+00
  0.00e+00 1.00e+00 1.00e+00 1.82e-12 0.00e+00 0.00e+00 0.00e+00]
 [5.21e+04 2.10e+01 6.00e+00 5.20e+01 4.10e+01 0.00e+00 0.00e+00 0.00e+00
  0.00e+00 0.00e+00 1.00e+00 1.82e-12 0.00e+00 0.00e+00 0.00e+00]
 [5.21e+04 2.10e+01 6.00e+00 7.40e+01 2.88e+03 0.00e+00 0.00e+00 0.00e+00
  0.00e+00 1.00e+00 1.00e+00 1.82e-12 0.00e+00 0.00e+00 0.00e+00]
 [5.21e+04 2.10e+01 6.00e+00 6.60e+01 8.83e-01 1.00e+00 0.00e+00 0.00e+00
  0.00e+00 1.00e+00 1.00e+00 1.82e-12 0.00e+00 0.00e+00 0.00e+00]
 [5.21e+04 2.10e+01 6.00e+00 5.20e+01 5.02e-02 0.00e+00 0.00e+00 0.00e+00
  0.00e+00 0.00e+00 1.00e+00 1.82e-12 0.00e+00 0.00e+00 0.00e+00]
 [5.21e+04 2.10e+01 6.00e+00 8.60e+01 2.93e-03 0.00e+00 0.00e+00 0.00e+00
  0.00e+00 1.00e+00 1.00e+00 1.82e-12 0.00e+00 0.00e+00 0.00e+00]
 [5.21e+04 2.10e+01 6.00e+00 7.30e+01 5.21e-01 1.00e+00 0.00e+00 0.00e+00
  0.00e+00 1.00e+00 1.00e+00 1.82e-12 0.00e+00 0.00e+00 0.00e+00]
 [5.21e+04 2.10e+01 6.00e+00 5.20e+01 4.19e+01 0.00e+00 0.00e+00 0.00e+00
  0.00e+00 0.00e+00 1.00e+00 1.82e-12 0.00e+00 0.00e+00 0.00e+00]
 [5.21e+04 2.10e+01 6.00e+00 7.40e+01 3.24e+03 0.00e+00 0.00e+00 0.00e+00
  0.00e+00 1.00e+00 1.00e+00 1.82e-12 0.00e+00 0.00e+00 0.00e+00]
 [5.21e+04 2.10e+01 6.00e+00 5.20e+01 1.91e-01 0.00e+00 0.00e+00 1.00e+00
  0.00e+00 0.00e+00 1.00e+00 1.82e-12 0.00e+00 0.00e+00 0.00e+00]
 [5.21e+04 2.10e+01 6.00e+00 6.60e+01 4.71e-01 1.00e+00 0.00e+00 0.00e+00
  0.00e+00 1.00e+00 1.00e+00 1.82e-12 0.00e+00 0.00e+00 0.00e+00]
 [5.21e+04 2.10e+01 6.00e+00 4.00e+01 6.70e-02 0.00e+00 0.00e+00 0.00e+00
  1.00e+00 0.00e+00 0.00e+00 1.82e-12 0.00e+00 0.00e+00 0.00e+00]][[5.21e+04 2.10e+01 6.00e+00 6.00e+01 1.22e-04 1.00e+00 1.00e+00 0.00e+00
  0.00e+00 0.00e+00 0.00e+00 1.82e-12 0.00e+00 0.00e+00 0.00e+00]
 [5.21e+04 2.10e+01 6.00e+00 6.00e+01 1.95e-03 0.00e+00 1.00e+00 0.00e+00
  0.00e+00 0.00e+00 1.00e+00 1.82e-12 0.00e+00 0.00e+00 0.00e+00]
 [5.21e+04 2.10e+01 6.00e+00 5.20e+01 4.76e-01 1.00e+00 0.00e+00 0.00e+00
  0.00e+00 0.00e+00 1.00e+00 1.82e-12 0.00e+00 0.00e+00 0.00e+00]
 [5.21e+04 2.10e+01 6.00e+00 7.20e+01 1.16e+01 0.00e+00 0.00e+00 0.00e+00
  0.00e+00 1.00e+00 1.00e+00 1.82e-12 0.00e+00 0.00e+00 0.00e+00]
 [5.21e+04 2.10e+01 6.00e+00 5.20e+01 4.77e-01 1.00e+00 0.00e+00 0.00e+00
  0.00e+00 0.00e+00 1.00e+00 1.82e-12 0.00e+00 0.00e+00 0.00e+00]
 [5.21e+04 2.10e+01 6.00e+00 6.60e+01 9.77e-04 1.00e+00 0.00e+00 0.00e+00
  0.00e+00 1.00e+00 1.00e+00 1.82e-12 0.00e+00 0.00e+00 0.00e+00]
 [5.21e+04 2.10e+01 6.00e+00 5.20e+01 1.90e-01 0.00e+00 0.00e+00 0.00e+00
  0.00e+00 0.00e+00 1.00e+00 1.82e-12 0.00e+00 0.00e+00 0.00e+00]
 [5.21e+04 2.10e+01 6.00e+00 8.60e+01 1.35e+00 0.00e+00 0.00e+00 0.00e+00
  0.00e+00 1.00e+00 1.00e+00 1.82e-12 0.00e+00 0.00e+00 0.00e+00]
 [5.21e+04 2.10e+01 6.00e+00 7.10e+01 8.06e-01 1.00e+00 0.00e+00 0.00e+00
  0.00e+00 1.00e+00 1.00e+00 1.82e-12 0.00e+00 0.00e+00 0.00e+00]
 [5.21e+04 2.10e+01 6.00e+00 5.20e+01 4.41e+01 0.00e+00 0.00e+00 0.00e+00
  0.00e+00 0.00e+00 1.00e+00 1.82e-12 0.00e+00 0.00e+00 0.00e+00]
 [5.21e+04 2.10e+01 6.00e+00 7.40e+01 3.50e+03 0.00e+00 0.00e+00 0.00e+00
  0.00e+00 1.00e+00 1.00e+00 1.82e-12 0.00e+00 0.00e+00 0.00e+00]
 [5.21e+04 2.10e+01 6.00e+00 6.60e+01 4.74e-01 1.00e+00 0.00e+00 0.00e+00
  0.00e+00 1.00e+00 1.00e+00 1.82e-12 0.00e+00 0.00e+00 0.00e+00]
 [5.21e+04 2.10e+01 6.00e+00 5.20e+01 6.79e-02 0.00e+00 0.00e+00 0.00e+00
  0.00e+00 0.00e+00 1.00e+00 1.82e-12 0.00e+00 0.00e+00 0.00e+00]
 [5.21e+04 2.10e+01 6.00e+00 8.60e+01 9.77e-04 0.00e+00 0.00e+00 0.00e+00
  0.00e+00 1.00e+00 1.00e+00 1.82e-12 0.00e+00 0.00e+00 0.00e+00]
 [5.21e+04 2.10e+01 6.00e+00 7.20e+01 5.37e-01 1.00e+00 0.00e+00 0.00e+00
  0.00e+00 1.00e+00 1.00e+00 1.82e-12 0.00e+00 0.00e+00 0.00e+00]
 [5.21e+04 2.10e+01 6.00e+00 5.20e+01 4.07e+01 0.00e+00 0.00e+00 0.00e+00
  0.00e+00 0.00e+00 1.00e+00 1.82e-12 0.00e+00 0.00e+00 0.00e+00]
 [5.21e+04 2.10e+01 6.00e+00 7.40e+01 2.84e+03 0.00e+00 0.00e+00 0.00e+00
  0.00e+00 1.00e+00 1.00e+00 1.82e-12 0.00e+00 0.00e+00 0.00e+00]
 [5.21e+04 2.10e+01 6.00e+00 6.60e+01 7.47e-01 1.00e+00 0.00e+00 0.00e+00
  0.00e+00 1.00e+00 1.00e+00 1.82e-12 0.00e+00 0.00e+00 0.00e+00]
 [5.21e+04 2.10e+01 6.00e+00 5.20e+01 7.70e-02 0.00e+00 0.00e+00 0.00e+00
  0.00e+00 0.00e+00 1.00e+00 1.82e-12 0.00e+00 0.00e+00 0.00e+00]
 [5.21e+04 2.10e+01 6.00e+00 8.60e+01 4.88e-02 0.00e+00 0.00e+00 0.00e+00
  0.00e+00 1.00e+00 1.00e+00 1.82e-12 0.00e+00 0.00e+00 0.00e+00]
 [5.21e+04 2.10e+01 6.00e+00 6.80e+01 5.77e-01 1.00e+00 0.00e+00 0.00e+00
  0.00e+00 1.00e+00 1.00e+00 1.82e-12 0.00e+00 0.00e+00 0.00e+00]
 [5.21e+04 2.10e+01 6.00e+00 5.20e+01 4.17e+01 0.00e+00 0.00e+00 0.00e+00
  0.00e+00 0.00e+00 1.00e+00 1.82e-12 0.00e+00 0.00e+00 0.00e+00]
 [5.21e+04 2.10e+01 6.00e+00 7.40e+01 3.25e+03 0.00e+00 0.00e+00 0.00e+00
  0.00e+00 1.00e+00 1.00e+00 1.82e-12 0.00e+00 0.00e+00 0.00e+00]
 [5.21e+04 2.10e+01 6.00e+00 5.20e+01 9.77e-04 0.00e+00 0.00e+00 1.00e+00
  0.00e+00 0.00e+00 1.00e+00 1.82e-12 0.00e+00 0.00e+00 0.00e+00]
 [5.21e+04 2.10e+01 6.00e+00 6.60e+01 5.94e-01 1.00e+00 0.00e+00 0.00e+00
  0.00e+00 1.00e+00 1.00e+00 1.82e-12 0.00e+00 0.00e+00 0.00e+00]
 [5.21e+04 2.10e+01 6.00e+00 4.00e+01 9.40e-02 0.00e+00 0.00e+00 0.00e+00
  1.00e+00 0.00e+00 0.00e+00 1.82e-12 0.00e+00 0.00e+00 0.00e+00]][[5.21e+04 2.10e+01 6.00e+00 6.00e+01 1.22e-04 1.00e+00 1.00e+00 0.00e+00
  0.00e+00 0.00e+00 0.00e+00 1.82e-12 0.00e+00 0.00e+00 0.00e+00]
 [5.21e+04 2.10e+01 6.00e+00 6.00e+01 8.61e-02 0.00e+00 1.00e+00 0.00e+00
  0.00e+00 0.00e+00 1.00e+00 1.82e-12 0.00e+00 0.00e+00 0.00e+00]
 [5.21e+04 2.10e+01 6.00e+00 5.20e+01 2.95e-01 1.00e+00 0.00e+00 0.00e+00
  0.00e+00 0.00e+00 1.00e+00 1.82e-12 0.00e+00 0.00e+00 0.00e+00]
 [5.21e+04 2.10e+01 6.00e+00 7.20e+01 1.13e+01 0.00e+00 0.00e+00 0.00e+00
  0.00e+00 1.00e+00 1.00e+00 1.82e-12 0.00e+00 0.00e+00 0.00e+00]
 [5.21e+04 2.10e+01 6.00e+00 5.20e+01 5.21e-01 1.00e+00 0.00e+00 0.00e+00
  0.00e+00 0.00e+00 1.00e+00 1.82e-12 0.00e+00 0.00e+00 0.00e+00]
 [5.21e+04 2.10e+01 6.00e+00 6.60e+01 2.64e-01 1.00e+00 0.00e+00 0.00e+00
  0.00e+00 1.00e+00 1.00e+00 1.82e-12 0.00e+00 0.00e+00 0.00e+00]
 [5.21e+04 2.10e+01 6.00e+00 5.20e+01 5.70e-02 0.00e+00 0.00e+00 0.00e+00
  0.00e+00 0.00e+00 1.00e+00 1.82e-12 0.00e+00 0.00e+00 0.00e+00]
 [5.21e+04 2.10e+01 6.00e+00 8.60e+01 1.27e+00 0.00e+00 0.00e+00 0.00e+00
  0.00e+00 1.00e+00 1.00e+00 1.82e-12 0.00e+00 0.00e+00 0.00e+00]
 [5.21e+04 2.10e+01 6.00e+00 7.00e+01 7.07e-01 1.00e+00 0.00e+00 0.00e+00
  0.00e+00 1.00e+00 1.00e+00 1.82e-12 0.00e+00 0.00e+00 0.00e+00]
 [5.21e+04 2.10e+01 6.00e+00 5.20e+01 4.41e+01 0.00e+00 0.00e+00 0.00e+00
  0.00e+00 0.00e+00 1.00e+00 1.82e-12 0.00e+00 0.00e+00 0.00e+00]
 [5.21e+04 2.10e+01 6.00e+00 7.40e+01 3.50e+03 0.00e+00 0.00e+00 0.00e+00
  0.00e+00 1.00e+00 1.00e+00 1.82e-12 0.00e+00 0.00e+00 0.00e+00]
 [5.21e+04 2.10e+01 6.00e+00 6.60e+01 1.00e+00 1.00e+00 0.00e+00 0.00e+00
  0.00e+00 1.00e+00 1.00e+00 1.82e-12 0.00e+00 0.00e+00 0.00e+00]
 [5.21e+04 2.10e+01 6.00e+00 5.20e+01 5.40e-02 0.00e+00 0.00e+00 0.00e+00
  0.00e+00 0.00e+00 1.00e+00 1.82e-12 0.00e+00 0.00e+00 0.00e+00]
 [5.21e+04 2.10e+01 6.00e+00 8.60e+01 6.70e-02 0.00e+00 0.00e+00 0.00e+00
  0.00e+00 1.00e+00 1.00e+00 1.82e-12 0.00e+00 0.00e+00 0.00e+00]
 [5.21e+04 2.10e+01 6.00e+00 6.80e+01 6.93e-01 1.00e+00 0.00e+00 0.00e+00
  0.00e+00 1.00e+00 1.00e+00 1.82e-12 0.00e+00 0.00e+00 0.00e+00]
 [5.21e+04 2.10e+01 6.00e+00 5.20e+01 4.09e+01 0.00e+00 0.00e+00 0.00e+00
  0.00e+00 0.00e+00 1.00e+00 1.82e-12 0.00e+00 0.00e+00 0.00e+00]
 [5.21e+04 2.10e+01 6.00e+00 7.40e+01 2.91e+03 0.00e+00 0.00e+00 0.00e+00
  0.00e+00 1.00e+00 1.00e+00 1.82e-12 0.00e+00 0.00e+00 0.00e+00]
 [5.21e+04 2.10e+01 6.00e+00 6.60e+01 8.71e-01 1.00e+00 0.00e+00 0.00e+00
  0.00e+00 1.00e+00 1.00e+00 1.82e-12 0.00e+00 0.00e+00 0.00e+00]
 [5.21e+04 2.10e+01 6.00e+00 5.20e+01 5.62e-02 0.00e+00 0.00e+00 0.00e+00
  0.00e+00 0.00e+00 1.00e+00 1.82e-12 0.00e+00 0.00e+00 0.00e+00]
 [5.21e+04 2.10e+01 6.00e+00 8.60e+01 7.03e+00 0.00e+00 0.00e+00 0.00e+00
  0.00e+00 1.00e+00 1.00e+00 1.82e-12 0.00e+00 0.00e+00 0.00e+00]
 [5.21e+04 2.10e+01 6.00e+00 7.00e+01 5.79e-01 1.00e+00 0.00e+00 0.00e+00
  0.00e+00 1.00e+00 1.00e+00 1.82e-12 0.00e+00 0.00e+00 0.00e+00]
 [5.21e+04 2.10e+01 6.00e+00 5.20e+01 4.34e+01 0.00e+00 0.00e+00 0.00e+00
  0.00e+00 0.00e+00 1.00e+00 1.82e-12 0.00e+00 0.00e+00 0.00e+00]
 [5.21e+04 2.10e+01 6.00e+00 7.40e+01 3.25e+03 0.00e+00 0.00e+00 0.00e+00
  0.00e+00 1.00e+00 1.00e+00 1.82e-12 0.00e+00 0.00e+00 0.00e+00]
 [5.21e+04 2.10e+01 6.00e+00 5.20e+01 4.03e-03 0.00e+00 0.00e+00 1.00e+00
  0.00e+00 0.00e+00 1.00e+00 1.82e-12 0.00e+00 0.00e+00 0.00e+00]
 [5.21e+04 2.10e+01 6.00e+00 6.60e+01 6.67e-01 1.00e+00 0.00e+00 0.00e+00
  0.00e+00 1.00e+00 1.00e+00 1.82e-12 0.00e+00 0.00e+00 0.00e+00]
 [5.21e+04 2.10e+01 6.00e+00 4.00e+01 5.62e-02 0.00e+00 0.00e+00 0.00e+00
  1.00e+00 0.00e+00 0.00e+00 1.82e-12 0.00e+00 0.00e+00 0.00e+00]]