[[5.08e+04 8.00e+01 6.00e+00 6.00e+01 1.22e-04 1.00e+00 1.00e+00 0.00e+00
  0.00e+00 0.00e+00 0.00e+00 1.82e-12 0.00e+00 0.00e+00 0.00e+00]
 [5.08e+04 8.00e+01 6.00e+00 6.00e+01 1.28e-01 0.00e+00 1.00e+00 0.00e+00
  0.00e+00 0.00e+00 1.00e+00 1.82e-12 0.00e+00 0.00e+00 0.00e+00]
 [5.08e+04 8.00e+01 6.00e+00 5.20e+01 7.69e-01 1.00e+00 0.00e+00 0.00e+00
  0.00e+00 0.00e+00 1.00e+00 1.82e-12 0.00e+00 0.00e+00 0.00e+00]
 [5.08e+04 8.00e+01 6.00e+00 4.00e+02 6.99e-02 1.00e+00 0.00e+00 0.00e+00
  0.00e+00 1.00e+00 1.00e+00 1.82e-12 0.00e+00 0.00e+00 0.00e+00]
 [5.08e+04 8.00e+01 6.00e+00 5.20e+01 1.17e-01 0.00e+00 0.00e+00 0.00e+00
  0.00e+00 0.00e+00 1.00e+00 1.82e-12 0.00e+00 0.00e+00 0.00e+00]
 [5.08e+04 8.00e+01 6.00e+00 4.40e+03 3.95e-01 0.00e+00 0.00e+00 0.00e+00
  0.00e+00 0.00e+00 1.00e+00 1.82e-12 0.00e+00 0.00e+00 0.00e+00]
 [5.08e+04 8.00e+01 6.00e+00 2.95e+03 4.80e-02 0.00e+00 0.00e+00 0.00e+00
  0.00e+00 0.00e+00 1.00e+00 1.82e-12 0.00e+00 0.00e+00 0.00e+00]
 [5.08e+04 8.00e+01 6.00e+00 1.50e+03 1.71e-01 0.00e+00 0.00e+00 0.00e+00
  0.00e+00 0.00e+00 1.00e+00 1.82e-12 0.00e+00 0.00e+00 0.00e+00]
 [5.08e+04 8.00e+01 6.00e+00 2.96e+03 1.92e-01 0.00e+00 0.00e+00 0.00e+00
  0.00e+00 1.00e+00 1.00e+00 1.82e-12 0.00e+00 0.00e+00 0.00e+00]
 [5.08e+04 8.00e+01 6.00e+00 5.20e+01 2.93e-03 0.00e+00 0.00e+00 1.00e+00
  0.00e+00 0.00e+00 1.00e+00 1.82e-12 0.00e+00 0.00e+00 0.00e+00]
 [5.08e+04 8.00e+01 6.00e+00 5.20e+01 8.42e-01 1.00e+00 0.00e+00 0.00e+00
  0.00e+00 0.00e+00 1.00e+00 1.82e-12 0.00e+00 0.00e+00 0.00e+00]
 [5.08e+04 8.00e+01 6.00e+00 5.20e+01 1.92e-01 1.00e+00 0.00e+00 0.00e+00
  0.00e+00 0.00e+00 1.00e+00 1.82e-12 0.00e+00 0.00e+00 0.00e+00]
 [5.08e+04 8.00e+01 6.00e+00 5.20e+01 9.77e-04 1.00e+00 0.00e+00 0.00e+00
  0.00e+00 0.00e+00 1.00e+00 1.82e-12 0.00e+00 0.00e+00 0.00e+00]
 [5.08e+04 8.00e+01 6.00e+00 5.20e+01 3.04e-01 1.00e+00 0.00e+00 1.00e+00
  0.00e+00 0.00e+00 1.00e+00 1.82e-12 0.00e+00 0.00e+00 0.00e+00]
 [5.08e+04 8.00e+01 6.00e+00 5.20e+01 5.40e-02 0.00e+00 0.00e+00 0.00e+00
  0.00e+00 0.00e+00 1.00e+00 1.82e-12 0.00e+00 0.00e+00 0.00e+00]][[5.07e+04 8.00e+01 6.00e+00 6.00e+01 1.22e-04 1.00e+00 1.00e+00 0.00e+00
  0.00e+00 0.00e+00 0.00e+00 1.82e-12 0.00e+00 0.00e+00 0.00e+00]
 [5.07e+04 8.00e+01 6.00e+00 6.00e+01 9.80e-02 0.00e+00 1.00e+00 0.00e+00
  0.00e+00 0.00e+00 1.00e+00 1.82e-12 0.00e+00 0.00e+00 0.00e+00]
 [5.07e+04 8.00e+01 6.00e+00 5.20e+01 5.77e-01 1.00e+00 0.00e+00 0.00e+00
  0.00e+00 0.00e+00 1.00e+00 1.82e-12 0.00e+00 0.00e+00 0.00e+00]
 [5.07e+04 8.00e+01 6.00e+00 4.34e+02 3.00e-01 1.00e+00 0.00e+00 0.00e+00
  0.00e+00 1.00e+00 1.00e+00 1.82e-12 0.00e+00 0.00e+00 0.00e+00]
 [5.07e+04 8.00e+01 6.00e+00 5.20e+01 7.30e-02 0.00e+00 0.00e+00 0.00e+00
  0.00e+00 0.00e+00 1.00e+00 1.82e-12 0.00e+00 0.00e+00 0.00e+00]
 [5.07e+04 8.00e+01 6.00e+00 4.40e+03 5.76e-01 0.00e+00 0.00e+00 0.00e+00
  0.00e+00 0.00e+00 1.00e+00 1.82e-12 0.00e+00 0.00e+00 0.00e+00]
 [5.07e+04 8.00e+01 6.00e+00 2.95e+03 1.50e-02 0.00e+00 0.00e+00 0.00e+00
  0.00e+00 0.00e+00 1.00e+00 1.82e-12 0.00e+00 0.00e+00 0.00e+00]
 [5.07e+04 8.00e+01 6.00e+00 4.41e+03 4.88e-02 0.00e+00 0.00e+00 0.00e+00
  0.00e+00 1.00e+00 1.00e+00 1.82e-12 0.00e+00 0.00e+00 0.00e+00]
 [5.07e+04 8.00e+01 6.00e+00 5.20e+01 1.90e-01 0.00e+00 0.00e+00 1.00e+00
  0.00e+00 0.00e+00 1.00e+00 1.82e-12 0.00e+00 0.00e+00 0.00e+00]
 [5.07e+04 8.00e+01 6.00e+00 5.20e+01 1.13e+00 1.00e+00 0.00e+00 0.00e+00
  0.00e+00 0.00e+00 1.00e+00 1.82e-12 0.00e+00 0.00e+00 0.00e+00]
 [5.07e+04 8.00e+01 6.00e+00 5.20e+01 2.28e-01 1.00e+00 0.00e+00 0.00e+00
  0.00e+00 0.00e+00 1.00e+00 1.82e-12 0.00e+00 0.00e+00 0.00e+00]
 [5.07e+04 8.00e+01 6.00e+00 5.20e+01 2.30e-01 1.00e+00 0.00e+00 0.00e+00
  1.00e+00 0.00e+00 1.00e+00 1.82e-12 0.00e+00 0.00e+00 0.00e+00]][[5.08e+04 8.00e+01 6.00e+00 6.00e+01 1.22e-04 1.00e+00 1.00e+00 0.00e+00
  0.00e+00 0.00e+00 0.00e+00 1.82e-12 0.00e+00 0.00e+00 0.00e+00]
 [5.08e+04 8.00e+01 6.00e+00 6.00e+01 4.70e-02 0.00e+00 1.00e+00 0.00e+00
  0.00e+00 0.00e+00 1.00e+00 1.82e-12 0.00e+00 0.00e+00 0.00e+00]
 [5.08e+04 8.00e+01 6.00e+00 5.20e+01 5.72e-01 1.00e+00 0.00e+00 0.00e+00
  0.00e+00 0.00e+00 1.00e+00 1.82e-12 0.00e+00 0.00e+00 0.00e+00]
 [5.08e+04 8.00e+01 6.00e+00 4.24e+02 5.02e-02 1.00e+00 0.00e+00 0.00e+00
  0.00e+00 1.00e+00 1.00e+00 1.82e-12 0.00e+00 0.00e+00 0.00e+00]
 [5.08e+04 8.00e+01 6.00e+00 5.20e+01 1.20e-01 0.00e+00 0.00e+00 0.00e+00
  0.00e+00 0.00e+00 1.00e+00 1.82e-12 0.00e+00 0.00e+00 0.00e+00]
 [5.08e+04 8.00e+01 6.00e+00 1.50e+03 6.58e-01 0.00e+00 0.00e+00 0.00e+00
  0.00e+00 0.00e+00 1.00e+00 1.82e-12 0.00e+00 0.00e+00 0.00e+00]
 [5.08e+04 8.00e+01 6.00e+00 5.84e+03 5.20e-02 0.00e+00 0.00e+00 0.00e+00
  0.00e+00 0.00e+00 1.00e+00 1.82e-12 0.00e+00 0.00e+00 0.00e+00]
 [5.08e+04 8.00e+01 6.00e+00 4.41e+03 4.80e-02 0.00e+00 0.00e+00 0.00e+00
  0.00e+00 1.00e+00 1.00e+00 1.82e-12 0.00e+00 0.00e+00 0.00e+00]
 [5.08e+04 8.00e+01 6.00e+00 5.20e+01 2.93e-03 0.00e+00 0.00e+00 1.00e+00
  0.00e+00 0.00e+00 1.00e+00 1.82e-12 0.00e+00 0.00e+00 0.00e+00]
 [5.08e+04 8.00e+01 6.00e+00 5.20e+01 2.42e+00 1.00e+00 0.00e+00 0.00e+00
  0.00e+00 0.00e+00 1.00e+00 1.82e-12 0.00e+00 0.00e+00 0.00e+00]
 [5.08e+04 8.00e+01 6.00e+00 5.20e+01 1.92e-01 1.00e+00 0.00e+00 0.00e+00
  0.00e+00 0.00e+00 1.00e+00 1.82e-12 0.00e+00 0.00e+00 0.00e+00]
 [5.08e+04 8.00e+01 6.00e+00 5.20e+01 5.20e-02 1.00e+00 0.00e+00 0.00e+00
  1.00e+00 0.00e+00 1.00e+00 1.82e-12 0.00e+00 0.00e+00 0.00e+00]][[5.08e+04 8.00e+01 6.00e+00 6.00e+01 1.22e-04 1.00e+00 1.00e+00 0.00e+00
  0.00e+00 0.00e+00 0.00e+00 1.82e-12 0.00e+00 0.00e+00 0.00e+00]
 [5.08e+04 8.00e+01 6.00e+00 6.00e+01 3.27e-01 0.00e+00 1.00e+00 0.00e+00
  0.00e+00 0.00e+00 1.00e+00 1.82e-12 0.00e+00 0.00e+00 0.00e+00]
 [5.08e+04 8.00e+01 6.00e+00 5.20e+01 2.48e+00 1.00e+00 0.00e+00 0.00e+00
  0.00e+00 0.00e+00 1.00e+00 1.82e-12 0.00e+00 0.00e+00 0.00e+00]
 [5.08e+04 8.00e+01 6.00e+00 4.01e+02 5.42e-01 1.00e+00 0.00e+00 0.00e+00
  0.00e+00 1.00e+00 1.00e+00 1.82e-12 0.00e+00 0.00e+00 0.00e+00]
 [5.08e+04 8.00e+01 6.00e+00 5.20e+01 9.50e-02 0.00e+00 0.00e+00 0.00e+00
  0.00e+00 0.00e+00 1.00e+00 1.82e-12 0.00e+00 0.00e+00 0.00e+00]
 [5.08e+04 8.00e+01 6.00e+00 1.50e+03 1.70e-01 0.00e+00 0.00e+00 0.00e+00
  0.00e+00 0.00e+00 1.00e+00 1.82e-12 0.00e+00 0.00e+00 0.00e+00]
 [5.08e+04 8.00e+01 6.00e+00 5.84e+03 5.10e-02 0.00e+00 0.00e+00 0.00e+00
  0.00e+00 0.00e+00 1.00e+00 1.82e-12 0.00e+00 0.00e+00 0.00e+00]
 [5.08e+04 8.00e+01 6.00e+00 4.41e+03 4.70e-02 0.00e+00 0.00e+00 0.00e+00
  0.00e+00 1.00e+00 1.00e+00 1.82e-12 0.00e+00 0.00e+00 0.00e+00]
 [5.08e+04 8.00e+01 6.00e+00 5.20e+01 2.93e-03 0.00e+00 0.00e+00 1.00e+00
  0.00e+00 0.00e+00 1.00e+00 1.82e-12 0.00e+00 0.00e+00 0.00e+00]
 [5.08e+04 8.00e+01 6.00e+00 5.20e+01 6.74e-01 1.00e+00 0.00e+00 0.00e+00
  0.00e+00 0.00e+00 1.00e+00 1.82e-12 0.00e+00 0.00e+00 0.00e+00]
 [5.08e+04 8.00e+01 6.00e+00 5.20e+01 6.84e-01 1.00e+00 0.00e+00 1.00e+00
  0.00e+00 0.00e+00 1.00e+00 1.82e-12 0.00e+00 0.00e+00 0.00e+00]
 [5.08e+04 8.00e+01 6.00e+00 4.00e+01 1.95e-03 1.00e+00 0.00e+00 0.00e+00
  1.00e+00 0.00e+00 0.00e+00 1.82e-12 0.00e+00 0.00e+00 0.00e+00]][[5.08e+04 8.00e+01 6.00e+00 6.00e+01 1.22e-04 1.00e+00 1.00e+00 0.00e+00
  0.00e+00 0.00e+00 0.00e+00 1.82e-12 0.00e+00 0.00e+00 0.00e+00]
 [5.08e+04 8.00e+01 6.00e+00 6.00e+01 1.65e-01 0.00e+00 1.00e+00 0.00e+00
  0.00e+00 0.00e+00 1.00e+00 1.82e-12 0.00e+00 0.00e+00 0.00e+00]
 [5.08e+04 8.00e+01 6.00e+00 5.20e+01 3.46e+00 1.00e+00 0.00e+00 0.00e+00
  0.00e+00 0.00e+00 1.00e+00 1.82e-12 0.00e+00 0.00e+00 0.00e+00]
 [5.08e+04 8.00e+01 6.00e+00 3.78e+02 1.69e-01 1.00e+00 0.00e+00 0.00e+00
  0.00e+00 1.00e+00 1.00e+00 1.82e-12 0.00e+00 0.00e+00 0.00e+00]
 [5.08e+04 8.00e+01 6.00e+00 5.20e+01 5.51e-02 0.00e+00 0.00e+00 0.00e+00
  0.00e+00 0.00e+00 1.00e+00 1.82e-12 0.00e+00 0.00e+00 0.00e+00]
 [5.08e+04 8.00e+01 6.00e+00 1.50e+03 2.17e-01 0.00e+00 0.00e+00 0.00e+00
  0.00e+00 0.00e+00 1.00e+00 1.82e-12 0.00e+00 0.00e+00 0.00e+00]
 [5.08e+04 8.00e+01 6.00e+00 5.84e+03 4.80e-02 0.00e+00 0.00e+00 0.00e+00
  0.00e+00 0.00e+00 1.00e+00 1.82e-12 0.00e+00 0.00e+00 0.00e+00]
 [5.08e+04 8.00e+01 6.00e+00 4.41e+03 4.88e-02 0.00e+00 0.00e+00 0.00e+00
  0.00e+00 1.00e+00 1.00e+00 1.82e-12 0.00e+00 0.00e+00 0.00e+00]
 [5.08e+04 8.00e+01 6.00e+00 5.20e+01 1.90e-01 0.00e+00 0.00e+00 1.00e+00
  0.00e+00 0.00e+00 1.00e+00 1.82e-12 0.00e+00 0.00e+00 0.00e+00]
 [5.08e+04 8.00e+01 6.00e+00 5.20e+01 1.47e+00 1.00e+00 0.00e+00 0.00e+00
  0.00e+00 0.00e+00 1.00e+00 1.82e-12 0.00e+00 0.00e+00 0.00e+00]
 [5.08e+04 8.00e+01 6.00e+00 5.20e+01 1.22e-04 1.00e+00 0.00e+00 1.00e+00
  0.00e+00 0.00e+00 1.00e+00 1.82e-12 0.00e+00 0.00e+00 0.00e+00]
 [5.08e+04 8.00e+01 6.00e+00 4.00e+01 9.77e-04 1.00e+00 0.00e+00 0.00e+00
  1.00e+00 0.00e+00 0.00e+00 1.82e-12 0.00e+00 0.00e+00 0.00e+00]][[5.08e+04 8.00e+01 6.00e+00 6.00e+01 1.22e-04 1.00e+00 1.00e+00 0.00e+00
  0.00e+00 0.00e+00 0.00e+00 1.82e-12 0.00e+00 0.00e+00 0.00e+00]
 [5.08e+04 8.00e+01 6.00e+00 6.00e+01 3.30e-02 0.00e+00 1.00e+00 0.00e+00
  0.00e+00 0.00e+00 1.00e+00 1.82e-12 0.00e+00 0.00e+00 0.00e+00]
 [5.08e+04 8.00e+01 6.00e+00 5.20e+01 2.77e+00 1.00e+00 0.00e+00 0.00e+00
  0.00e+00 0.00e+00 1.00e+00 1.82e-12 0.00e+00 0.00e+00 0.00e+00]
 [5.08e+04 8.00e+01 6.00e+00 4.23e+02 2.70e-01 1.00e+00 0.00e+00 0.00e+00
  0.00e+00 1.00e+00 1.00e+00 1.82e-12 0.00e+00 0.00e+00 0.00e+00]
 [5.08e+04 8.00e+01 6.00e+00 5.20e+01 5.10e-02 0.00e+00 0.00e+00 0.00e+00
  0.00e+00 0.00e+00 1.00e+00 1.82e-12 0.00e+00 0.00e+00 0.00e+00]
 [5.08e+04 8.00e+01 6.00e+00 1.50e+03 1.14e+00 0.00e+00 0.00e+00 0.00e+00
  0.00e+00 0.00e+00 1.00e+00 1.82e-12 0.00e+00 0.00e+00 0.00e+00]
 [5.08e+04 8.00e+01 6.00e+00 1.02e+04 1.97e-01 0.00e+00 0.00e+00 0.00e+00
  0.00e+00 1.00e+00 1.00e+00 1.82e-12 0.00e+00 0.00e+00 0.00e+00]
 [5.08e+04 8.00e+01 6.00e+00 5.20e+01 5.90e-02 0.00e+00 0.00e+00 1.00e+00
  0.00e+00 0.00e+00 1.00e+00 1.82e-12 0.00e+00 0.00e+00 0.00e+00]
 [5.08e+04 8.00e+01 6.00e+00 5.20e+01 7.48e+00 1.00e+00 0.00e+00 0.00e+00
  0.00e+00 0.00e+00 1.00e+00 1.82e-12 0.00e+00 0.00e+00 0.00e+00]
 [5.08e+04 8.00e+01 6.00e+00 5.20e+01 4.03e-03 1.00e+00 0.00e+00 0.00e+00
  0.00e+00 0.00e+00 1.00e+00 1.82e-12 0.00e+00 0.00e+00 0.00e+00]
 [5.08e+04 8.00e+01 6.00e+00 5.20e+01 9.77e-04 1.00e+00 0.00e+00 0.00e+00
  1.00e+00 0.00e+00 1.00e+00 1.82e-12 0.00e+00 0.00e+00 0.00e+00]][[5.08e+04 8.00e+01 6.00e+00 6.00e+01 1.22e-04 1.00e+00 1.00e+00 0.00e+00
  0.00e+00 0.00e+00 0.00e+00 1.82e-12 0.00e+00 0.00e+00 0.00e+00]
 [5.08e+04 8.00e+01 6.00e+00 6.00e+01 2.91e-02 0.00e+00 1.00e+00 0.00e+00
  0.00e+00 0.00e+00 1.00e+00 1.82e-12 0.00e+00 0.00e+00 0.00e+00]
 [5.08e+04 8.00e+01 6.00e+00 5.20e+01 2.80e+00 1.00e+00 0.00e+00 0.00e+00
  0.00e+00 0.00e+00 1.00e+00 1.82e-12 0.00e+00 0.00e+00 0.00e+00]
 [5.08e+04 8.00e+01 6.00e+00 4.10e+02 2.09e-01 1.00e+00 0.00e+00 0.00e+00
  0.00e+00 1.00e+00 1.00e+00 1.82e-12 0.00e+00 0.00e+00 0.00e+00]
 [5.08e+04 8.00e+01 6.00e+00 5.20e+01 1.15e-01 0.00e+00 0.00e+00 0.00e+00
  0.00e+00 0.00e+00 1.00e+00 1.82e-12 0.00e+00 0.00e+00 0.00e+00]
 [5.08e+04 8.00e+01 6.00e+00 1.50e+03 9.96e-01 0.00e+00 0.00e+00 0.00e+00
  0.00e+00 0.00e+00 1.00e+00 1.82e-12 0.00e+00 0.00e+00 0.00e+00]
 [5.08e+04 8.00e+01 6.00e+00 1.02e+04 1.96e-01 0.00e+00 0.00e+00 0.00e+00
  0.00e+00 1.00e+00 1.00e+00 1.82e-12 0.00e+00 0.00e+00 0.00e+00]
 [5.08e+04 8.00e+01 6.00e+00 5.20e+01 2.83e-01 0.00e+00 0.00e+00 1.00e+00
  0.00e+00 0.00e+00 1.00e+00 1.82e-12 0.00e+00 0.00e+00 0.00e+00]
 [5.08e+04 8.00e+01 6.00e+00 5.20e+01 6.38e+00 1.00e+00 0.00e+00 0.00e+00
  0.00e+00 0.00e+00 1.00e+00 1.82e-12 0.00e+00 0.00e+00 0.00e+00]
 [5.08e+04 8.00e+01 6.00e+00 5.20e+01 9.77e-04 1.00e+00 0.00e+00 1.00e+00
  0.00e+00 0.00e+00 1.00e+00 1.82e-12 0.00e+00 0.00e+00 0.00e+00]
 [5.08e+04 8.00e+01 6.00e+00 4.00e+01 1.95e-03 1.00e+00 0.00e+00 0.00e+00
  1.00e+00 0.00e+00 0.00e+00 1.82e-12 0.00e+00 0.00e+00 0.00e+00]][[5.08e+04 8.00e+01 6.00e+00 6.00e+01 1.22e-04 1.00e+00 1.00e+00 0.00e+00
  0.00e+00 0.00e+00 0.00e+00 1.82e-12 0.00e+00 0.00e+00 0.00e+00]
 [5.08e+04 8.00e+01 6.00e+00 6.00e+01 2.09e-01 0.00e+00 1.00e+00 0.00e+00
  0.00e+00 0.00e+00 1.00e+00 1.82e-12 0.00e+00 0.00e+00 0.00e+00]
 [5.08e+04 8.00e+01 6.00e+00 5.20e+01 2.64e+00 1.00e+00 0.00e+00 0.00e+00
  0.00e+00 0.00e+00 1.00e+00 1.82e-12 0.00e+00 0.00e+00 0.00e+00]
 [5.08e+04 8.00e+01 6.00e+00 4.05e+02 1.31e-01 1.00e+00 0.00e+00 0.00e+00
  0.00e+00 1.00e+00 1.00e+00 1.82e-12 0.00e+00 0.00e+00 0.00e+00]
 [5.08e+04 8.00e+01 6.00e+00 5.20e+01 1.17e-01 0.00e+00 0.00e+00 0.00e+00
  0.00e+00 0.00e+00 1.00e+00 1.82e-12 0.00e+00 0.00e+00 0.00e+00]
 [5.08e+04 8.00e+01 6.00e+00 7.29e+03 7.16e-01 0.00e+00 0.00e+00 0.00e+00
  0.00e+00 0.00e+00 1.00e+00 1.82e-12 0.00e+00 0.00e+00 0.00e+00]
 [5.08e+04 8.00e+01 6.00e+00 2.95e+03 7.60e-02 0.00e+00 0.00e+00 0.00e+00
  0.00e+00 0.00e+00 1.00e+00 1.82e-12 0.00e+00 0.00e+00 0.00e+00]
 [5.08e+04 8.00e+01 6.00e+00 1.51e+03 1.59e-01 0.00e+00 0.00e+00 0.00e+00
  0.00e+00 1.00e+00 1.00e+00 1.82e-12 0.00e+00 0.00e+00 0.00e+00]
 [5.08e+04 8.00e+01 6.00e+00 5.20e+01 1.95e-03 0.00e+00 0.00e+00 1.00e+00
  0.00e+00 0.00e+00 1.00e+00 1.82e-12 0.00e+00 0.00e+00 0.00e+00]
 [5.08e+04 8.00e+01 6.00e+00 5.20e+01 4.93e+00 1.00e+00 0.00e+00 0.00e+00
  0.00e+00 0.00e+00 1.00e+00 1.82e-12 0.00e+00 0.00e+00 0.00e+00]
 [5.08e+04 8.00e+01 6.00e+00 5.20e+01 5.00e-03 1.00e+00 0.00e+00 0.00e+00
  0.00e+00 0.00e+00 1.00e+00 1.82e-12 0.00e+00 0.00e+00 0.00e+00]
 [5.08e+04 8.00e+01 6.00e+00 5.20e+01 9.89e-01 1.00e+00 0.00e+00 0.00e+00
  0.00e+00 0.00e+00 1.00e+00 1.82e-12 0.00e+00 0.00e+00 0.00e+00]
 [5.08e+04 8.00e+01 6.00e+00 5.20e+01 5.00e-03 1.00e+00 0.00e+00 0.00e+00
  0.00e+00 0.00e+00 1.00e+00 1.82e-12 0.00e+00 0.00e+00 0.00e+00]
 [5.08e+04 8.00e+01 6.00e+00 5.20e+01 1.95e-03 1.00e+00 0.00e+00 0.00e+00
  1.00e+00 0.00e+00 1.00e+00 1.82e-12 0.00e+00 0.00e+00 0.00e+00]][[5.08e+04 8.00e+01 6.00e+00 6.00e+01 1.22e-04 1.00e+00 1.00e+00 0.00e+00
  0.00e+00 0.00e+00 0.00e+00 1.82e-12 0.00e+00 0.00e+00 0.00e+00]
 [5.08e+04 8.00e+01 6.00e+00 6.00e+01 1.78e-02 0.00e+00 1.00e+00 0.00e+00
  0.00e+00 0.00e+00 1.00e+00 1.82e-12 0.00e+00 0.00e+00 0.00e+00]
 [5.08e+04 8.00e+01 6.00e+00 5.20e+01 1.81e+00 1.00e+00 0.00e+00 0.00e+00
  0.00e+00 0.00e+00 1.00e+00 1.82e-12 0.00e+00 0.00e+00 0.00e+00]
 [5.08e+04 8.00e+01 6.00e+00 3.58e+02 8.50e-02 1.00e+00 0.00e+00 0.00e+00
  0.00e+00 1.00e+00 1.00e+00 1.82e-12 0.00e+00 0.00e+00 0.00e+00]
 [5.08e+04 8.00e+01 6.00e+00 5.20e+01 1.14e-01 0.00e+00 0.00e+00 0.00e+00
  0.00e+00 0.00e+00 1.00e+00 1.82e-12 0.00e+00 0.00e+00 0.00e+00]
 [5.08e+04 8.00e+01 6.00e+00 1.50e+03 5.72e-01 0.00e+00 0.00e+00 0.00e+00
  0.00e+00 0.00e+00 1.00e+00 1.82e-12 0.00e+00 0.00e+00 0.00e+00]
 [5.08e+04 8.00e+01 6.00e+00 1.02e+04 1.84e-01 0.00e+00 0.00e+00 0.00e+00
  0.00e+00 1.00e+00 1.00e+00 1.82e-12 0.00e+00 0.00e+00 0.00e+00]
 [5.08e+04 8.00e+01 6.00e+00 5.20e+01 5.00e-03 0.00e+00 0.00e+00 1.00e+00
  0.00e+00 0.00e+00 1.00e+00 1.82e-12 0.00e+00 0.00e+00 0.00e+00]
 [5.08e+04 8.00e+01 6.00e+00 5.20e+01 4.17e+00 1.00e+00 0.00e+00 0.00e+00
  0.00e+00 0.00e+00 1.00e+00 1.82e-12 0.00e+00 0.00e+00 0.00e+00]
 [5.08e+04 8.00e+01 6.00e+00 5.20e+01 4.03e-03 1.00e+00 0.00e+00 0.00e+00
  0.00e+00 0.00e+00 1.00e+00 1.82e-12 0.00e+00 0.00e+00 0.00e+00]
 [5.08e+04 8.00e+01 6.00e+00 5.20e+01 1.95e-03 1.00e+00 0.00e+00 0.00e+00
  1.00e+00 0.00e+00 1.00e+00 1.82e-12 0.00e+00 0.00e+00 0.00e+00]][[5.08e+04 8.00e+01 6.00e+00 6.00e+01 1.22e-04 1.00e+00 1.00e+00 0.00e+00
  0.00e+00 0.00e+00 0.00e+00 1.82e-12 0.00e+00 0.00e+00 0.00e+00]
 [5.08e+04 8.00e+01 6.00e+00 6.00e+01 4.50e-02 0.00e+00 1.00e+00 0.00e+00
  0.00e+00 0.00e+00 1.00e+00 1.82e-12 0.00e+00 0.00e+00 0.00e+00]
 [5.08e+04 8.00e+01 6.00e+00 5.20e+01 1.59e+00 1.00e+00 0.00e+00 0.00e+00
  0.00e+00 0.00e+00 1.00e+00 1.82e-12 0.00e+00 0.00e+00 0.00e+00]
 [5.08e+04 8.00e+01 6.00e+00 4.00e+02 4.96e-01 1.00e+00 0.00e+00 0.00e+00
  0.00e+00 1.00e+00 1.00e+00 1.82e-12 0.00e+00 0.00e+00 0.00e+00]
 [5.08e+04 8.00e+01 6.00e+00 5.20e+01 1.22e-01 0.00e+00 0.00e+00 0.00e+00
  0.00e+00 0.00e+00 1.00e+00 1.82e-12 0.00e+00 0.00e+00 0.00e+00]
 [5.08e+04 8.00e+01 6.00e+00 1.16e+04 9.45e-01 0.00e+00 0.00e+00 0.00e+00
  0.00e+00 1.00e+00 1.00e+00 1.82e-12 0.00e+00 0.00e+00 0.00e+00]
 [5.08e+04 8.00e+01 6.00e+00 5.20e+01 1.89e-01 0.00e+00 0.00e+00 1.00e+00
  0.00e+00 0.00e+00 1.00e+00 1.82e-12 0.00e+00 0.00e+00 0.00e+00]
 [5.08e+04 8.00e+01 6.00e+00 5.20e+01 8.37e+00 1.00e+00 0.00e+00 0.00e+00
  0.00e+00 0.00e+00 1.00e+00 1.82e-12 0.00e+00 0.00e+00 0.00e+00]
 [5.08e+04 8.00e+01 6.00e+00 5.20e+01 2.93e-03 1.00e+00 0.00e+00 1.00e+00
  0.00e+00 0.00e+00 1.00e+00 1.82e-12 0.00e+00 0.00e+00 0.00e+00]
 [5.08e+04 8.00e+01 6.00e+00 4.00e+01 9.77e-04 1.00e+00 0.00e+00 0.00e+00
  1.00e+00 0.00e+00 0.00e+00 1.82e-12 0.00e+00 0.00e+00 0.00e+00]]