[[5.34e+04 8.00e+01 6.00e+00 6.00e+01 1.22e-04 1.00e+00 1.00e+00 0.00e+00
  0.00e+00 0.00e+00 0.00e+00 1.82e-12 0.00e+00 0.00e+00 0.00e+00]
 [5.34e+04 8.00e+01 6.00e+00 6.00e+01 1.27e-01 0.00e+00 1.00e+00 0.00e+00
  0.00e+00 0.00e+00 1.00e+00 1.82e-12 0.00e+00 0.00e+00 0.00e+00]
 [5.34e+04 8.00e+01 6.00e+00 5.20e+01 1.33e+00 1.00e+00 0.00e+00 0.00e+00
  0.00e+00 0.00e+00 1.00e+00 1.82e-12 0.00e+00 0.00e+00 0.00e+00]
 [5.34e+04 8.00e+01 6.00e+00 2.83e+02 7.49e+00 1.00e+00 0.00e+00 0.00e+00
  0.00e+00 1.00e+00 1.00e+00 1.82e-12 0.00e+00 0.00e+00 0.00e+00]
 [5.34e+04 8.00e+01 6.00e+00 5.20e+01 1.16e-01 0.00e+00 0.00e+00 0.00e+00
  0.00e+00 0.00e+00 1.00e+00 1.82e-12 0.00e+00 0.00e+00 0.00e+00]
 [5.34e+04 8.00e+01 6.00e+00 5.20e+01 5.53e+02 1.00e+00 0.00e+00 1.00e+00
  0.00e+00 0.00e+00 1.00e+00 1.82e-12 0.00e+00 0.00e+00 0.00e+00]
 [5.34e+04 8.00e+01 6.00e+00 5.35e+02 1.10e+01 0.00e+00 0.00e+00 0.00e+00
  0.00e+00 1.00e+00 1.00e+00 1.82e-12 0.00e+00 0.00e+00 0.00e+00]
 [5.34e+04 8.00e+01 6.00e+00 5.20e+01 1.95e-03 0.00e+00 0.00e+00 1.00e+00
  0.00e+00 0.00e+00 1.00e+00 1.82e-12 0.00e+00 0.00e+00 0.00e+00]
 [5.34e+04 8.00e+01 6.00e+00 4.00e+01 7.77e-01 1.00e+00 0.00e+00 0.00e+00
  1.00e+00 0.00e+00 0.00e+00 1.82e-12 0.00e+00 0.00e+00 0.00e+00]][[5.34e+04 8.00e+01 6.00e+00 6.00e+01 1.22e-04 1.00e+00 1.00e+00 0.00e+00
  0.00e+00 0.00e+00 0.00e+00 1.82e-12 0.00e+00 0.00e+00 0.00e+00]
 [5.34e+04 8.00e+01 6.00e+00 6.00e+01 7.70e-02 0.00e+00 1.00e+00 0.00e+00
  0.00e+00 0.00e+00 1.00e+00 1.82e-12 0.00e+00 0.00e+00 0.00e+00]
 [5.34e+04 8.00e+01 6.00e+00 5.20e+01 5.57e-01 1.00e+00 0.00e+00 0.00e+00
  0.00e+00 0.00e+00 1.00e+00 1.82e-12 0.00e+00 0.00e+00 0.00e+00]
 [5.34e+04 8.00e+01 6.00e+00 2.83e+02 2.40e-01 1.00e+00 0.00e+00 0.00e+00
  0.00e+00 1.00e+00 1.00e+00 1.82e-12 0.00e+00 0.00e+00 0.00e+00]
 [5.34e+04 8.00e+01 6.00e+00 5.20e+01 8.61e-02 0.00e+00 0.00e+00 0.00e+00
  0.00e+00 0.00e+00 1.00e+00 1.82e-12 0.00e+00 0.00e+00 0.00e+00]
 [5.34e+04 8.00e+01 6.00e+00 5.20e+01 5.52e+02 1.00e+00 0.00e+00 1.00e+00
  0.00e+00 0.00e+00 1.00e+00 1.82e-12 0.00e+00 0.00e+00 0.00e+00]
 [5.34e+04 8.00e+01 6.00e+00 5.35e+02 1.09e+01 0.00e+00 0.00e+00 0.00e+00
  0.00e+00 1.00e+00 1.00e+00 1.82e-12 0.00e+00 0.00e+00 0.00e+00]
 [5.34e+04 8.00e+01 6.00e+00 5.20e+01 9.03e-03 0.00e+00 0.00e+00 1.00e+00
  0.00e+00 0.00e+00 1.00e+00 1.82e-12 0.00e+00 0.00e+00 0.00e+00]
 [5.34e+04 8.00e+01 6.00e+00 4.00e+01 5.26e-01 1.00e+00 0.00e+00 0.00e+00
  1.00e+00 0.00e+00 0.00e+00 1.82e-12 0.00e+00 0.00e+00 0.00e+00]][[5.34e+04 8.00e+01 6.00e+00 6.00e+01 1.22e-04 1.00e+00 1.00e+00 0.00e+00
  0.00e+00 0.00e+00 0.00e+00 1.82e-12 0.00e+00 0.00e+00 0.00e+00]
 [5.34e+04 8.00e+01 6.00e+00 6.00e+01 3.60e-02 0.00e+00 1.00e+00 0.00e+00
  0.00e+00 0.00e+00 1.00e+00 1.82e-12 0.00e+00 0.00e+00 0.00e+00]
 [5.34e+04 8.00e+01 6.00e+00 5.20e+01 5.27e-01 1.00e+00 0.00e+00 0.00e+00
  0.00e+00 0.00e+00 1.00e+00 1.82e-12 0.00e+00 0.00e+00 0.00e+00]
 [5.34e+04 8.00e+01 6.00e+00 2.83e+02 4.03e-03 1.00e+00 0.00e+00 0.00e+00
  0.00e+00 1.00e+00 1.00e+00 1.82e-12 0.00e+00 0.00e+00 0.00e+00]
 [5.34e+04 8.00e+01 6.00e+00 5.20e+01 3.60e-02 0.00e+00 0.00e+00 0.00e+00
  0.00e+00 0.00e+00 1.00e+00 1.82e-12 0.00e+00 0.00e+00 0.00e+00]
 [5.34e+04 8.00e+01 6.00e+00 5.20e+01 5.51e+02 1.00e+00 0.00e+00 1.00e+00
  0.00e+00 0.00e+00 1.00e+00 1.82e-12 0.00e+00 0.00e+00 0.00e+00]
 [5.34e+04 8.00e+01 6.00e+00 5.35e+02 9.30e+00 0.00e+00 0.00e+00 0.00e+00
  0.00e+00 1.00e+00 1.00e+00 1.82e-12 0.00e+00 0.00e+00 0.00e+00]
 [5.34e+04 8.00e+01 6.00e+00 5.20e+01 9.77e-04 0.00e+00 0.00e+00 1.00e+00
  0.00e+00 0.00e+00 1.00e+00 1.82e-12 0.00e+00 0.00e+00 0.00e+00]
 [5.34e+04 8.00e+01 6.00e+00 4.00e+01 5.57e-01 1.00e+00 0.00e+00 0.00e+00
  1.00e+00 0.00e+00 0.00e+00 1.82e-12 0.00e+00 0.00e+00 0.00e+00]][[5.34e+04 8.00e+01 6.00e+00 6.00e+01 1.22e-04 1.00e+00 1.00e+00 0.00e+00
  0.00e+00 0.00e+00 0.00e+00 1.82e-12 0.00e+00 0.00e+00 0.00e+00]
 [5.34e+04 8.00e+01 6.00e+00 6.00e+01 5.40e-02 0.00e+00 1.00e+00 0.00e+00
  0.00e+00 0.00e+00 1.00e+00 1.82e-12 0.00e+00 0.00e+00 0.00e+00]
 [5.34e+04 8.00e+01 6.00e+00 5.20e+01 5.34e-01 1.00e+00 0.00e+00 0.00e+00
  0.00e+00 0.00e+00 1.00e+00 1.82e-12 0.00e+00 0.00e+00 0.00e+00]
 [5.34e+04 8.00e+01 6.00e+00 2.83e+02 1.07e+00 1.00e+00 0.00e+00 0.00e+00
  0.00e+00 1.00e+00 1.00e+00 1.82e-12 0.00e+00 0.00e+00 0.00e+00]
 [5.34e+04 8.00e+01 6.00e+00 5.20e+01 4.88e-02 0.00e+00 0.00e+00 0.00e+00
  0.00e+00 0.00e+00 1.00e+00 1.82e-12 0.00e+00 0.00e+00 0.00e+00]
 [5.34e+04 8.00e+01 6.00e+00 5.20e+01 5.50e+02 1.00e+00 0.00e+00 1.00e+00
  0.00e+00 0.00e+00 1.00e+00 1.82e-12 0.00e+00 0.00e+00 0.00e+00]
 [5.34e+04 8.00e+01 6.00e+00 5.35e+02 3.04e+00 0.00e+00 0.00e+00 0.00e+00
  0.00e+00 1.00e+00 1.00e+00 1.82e-12 0.00e+00 0.00e+00 0.00e+00]
 [5.34e+04 8.00e+01 6.00e+00 5.20e+01 1.95e-03 0.00e+00 0.00e+00 1.00e+00
  0.00e+00 0.00e+00 1.00e+00 1.82e-12 0.00e+00 0.00e+00 0.00e+00]
 [5.34e+04 8.00e+01 6.00e+00 4.00e+01 6.73e-01 1.00e+00 0.00e+00 0.00e+00
  1.00e+00 0.00e+00 0.00e+00 1.82e-12 0.00e+00 0.00e+00 0.00e+00]][[5.34e+04 8.00e+01 6.00e+00 6.00e+01 1.22e-04 1.00e+00 1.00e+00 0.00e+00
  0.00e+00 0.00e+00 0.00e+00 1.82e-12 0.00e+00 0.00e+00 0.00e+00]
 [5.34e+04 8.00e+01 6.00e+00 6.00e+01 7.80e-02 0.00e+00 1.00e+00 0.00e+00
  0.00e+00 0.00e+00 1.00e+00 1.82e-12 0.00e+00 0.00e+00 0.00e+00]
 [5.34e+04 8.00e+01 6.00e+00 5.20e+01 5.34e-01 1.00e+00 0.00e+00 0.00e+00
  0.00e+00 0.00e+00 1.00e+00 1.82e-12 0.00e+00 0.00e+00 0.00e+00]
 [5.34e+04 8.00e+01 6.00e+00 2.83e+02 2.30e-01 1.00e+00 0.00e+00 0.00e+00
  0.00e+00 1.00e+00 1.00e+00 1.82e-12 0.00e+00 0.00e+00 0.00e+00]
 [5.34e+04 8.00e+01 6.00e+00 5.20e+01 7.70e-02 0.00e+00 0.00e+00 0.00e+00
  0.00e+00 0.00e+00 1.00e+00 1.82e-12 0.00e+00 0.00e+00 0.00e+00]
 [5.34e+04 8.00e+01 6.00e+00 5.20e+01 5.50e+02 1.00e+00 0.00e+00 1.00e+00
  0.00e+00 0.00e+00 1.00e+00 1.82e-12 0.00e+00 0.00e+00 0.00e+00]
 [5.34e+04 8.00e+01 6.00e+00 5.35e+02 3.97e-01 0.00e+00 0.00e+00 0.00e+00
  0.00e+00 1.00e+00 1.00e+00 1.82e-12 0.00e+00 0.00e+00 0.00e+00]
 [5.34e+04 8.00e+01 6.00e+00 5.20e+01 4.03e-03 0.00e+00 0.00e+00 1.00e+00
  0.00e+00 0.00e+00 1.00e+00 1.82e-12 0.00e+00 0.00e+00 0.00e+00]
 [5.34e+04 8.00e+01 6.00e+00 4.00e+01 5.34e-01 1.00e+00 0.00e+00 0.00e+00
  1.00e+00 0.00e+00 0.00e+00 1.82e-12 0.00e+00 0.00e+00 0.00e+00]][[5.34e+04 8.00e+01 6.00e+00 6.00e+01 1.22e-04 1.00e+00 1.00e+00 0.00e+00
  0.00e+00 0.00e+00 0.00e+00 1.82e-12 0.00e+00 0.00e+00 0.00e+00]
 [5.34e+04 8.00e+01 6.00e+00 6.00e+01 1.70e-02 0.00e+00 1.00e+00 0.00e+00
  0.00e+00 0.00e+00 1.00e+00 1.82e-12 0.00e+00 0.00e+00 0.00e+00]
 [5.34e+04 8.00e+01 6.00e+00 5.20e+01 5.11e-01 1.00e+00 0.00e+00 0.00e+00
  0.00e+00 0.00e+00 1.00e+00 1.82e-12 0.00e+00 0.00e+00 0.00e+00]
 [5.34e+04 8.00e+01 6.00e+00 2.83e+02 4.03e-03 1.00e+00 0.00e+00 0.00e+00
  0.00e+00 1.00e+00 1.00e+00 1.82e-12 0.00e+00 0.00e+00 0.00e+00]
 [5.34e+04 8.00e+01 6.00e+00 5.20e+01 6.19e-02 0.00e+00 0.00e+00 0.00e+00
  0.00e+00 0.00e+00 1.00e+00 1.82e-12 0.00e+00 0.00e+00 0.00e+00]
 [5.34e+04 8.00e+01 6.00e+00 5.20e+01 5.50e+02 1.00e+00 0.00e+00 1.00e+00
  0.00e+00 0.00e+00 1.00e+00 1.82e-12 0.00e+00 0.00e+00 0.00e+00]
 [5.34e+04 8.00e+01 6.00e+00 5.35e+02 4.70e-01 0.00e+00 0.00e+00 0.00e+00
  0.00e+00 1.00e+00 1.00e+00 1.82e-12 0.00e+00 0.00e+00 0.00e+00]
 [5.34e+04 8.00e+01 6.00e+00 5.20e+01 9.77e-04 0.00e+00 0.00e+00 1.00e+00
  0.00e+00 0.00e+00 1.00e+00 1.82e-12 0.00e+00 0.00e+00 0.00e+00]
 [5.34e+04 8.00e+01 6.00e+00 4.00e+01 4.97e-01 1.00e+00 0.00e+00 0.00e+00
  1.00e+00 0.00e+00 0.00e+00 1.82e-12 0.00e+00 0.00e+00 0.00e+00]][[5.34e+04 8.00e+01 6.00e+00 6.00e+01 1.22e-04 1.00e+00 1.00e+00 0.00e+00
  0.00e+00 0.00e+00 0.00e+00 1.82e-12 0.00e+00 0.00e+00 0.00e+00]
 [5.34e+04 8.00e+01 6.00e+00 6.00e+01 6.51e-02 0.00e+00 1.00e+00 0.00e+00
  0.00e+00 0.00e+00 1.00e+00 1.82e-12 0.00e+00 0.00e+00 0.00e+00]
 [5.34e+04 8.00e+01 6.00e+00 5.20e+01 4.77e-01 1.00e+00 0.00e+00 0.00e+00
  0.00e+00 0.00e+00 1.00e+00 1.82e-12 0.00e+00 0.00e+00 0.00e+00]
 [5.34e+04 8.00e+01 6.00e+00 2.83e+02 2.75e-01 1.00e+00 0.00e+00 0.00e+00
  0.00e+00 1.00e+00 1.00e+00 1.82e-12 0.00e+00 0.00e+00 0.00e+00]
 [5.34e+04 8.00e+01 6.00e+00 5.20e+01 4.28e-02 0.00e+00 0.00e+00 0.00e+00
  0.00e+00 0.00e+00 1.00e+00 1.82e-12 0.00e+00 0.00e+00 0.00e+00]
 [5.34e+04 8.00e+01 6.00e+00 5.20e+01 5.49e+02 1.00e+00 0.00e+00 1.00e+00
  0.00e+00 0.00e+00 1.00e+00 1.82e-12 0.00e+00 0.00e+00 0.00e+00]
 [5.34e+04 8.00e+01 6.00e+00 5.35e+02 5.76e-01 0.00e+00 0.00e+00 0.00e+00
  0.00e+00 1.00e+00 1.00e+00 1.82e-12 0.00e+00 0.00e+00 0.00e+00]
 [5.34e+04 8.00e+01 6.00e+00 5.20e+01 4.03e-03 0.00e+00 0.00e+00 1.00e+00
  0.00e+00 0.00e+00 1.00e+00 1.82e-12 0.00e+00 0.00e+00 0.00e+00]
 [5.34e+04 8.00e+01 6.00e+00 4.00e+01 4.31e-01 1.00e+00 0.00e+00 0.00e+00
  1.00e+00 0.00e+00 0.00e+00 1.82e-12 0.00e+00 0.00e+00 0.00e+00]][[5.34e+04 8.00e+01 6.00e+00 6.00e+01 1.22e-04 1.00e+00 1.00e+00 0.00e+00
  0.00e+00 0.00e+00 0.00e+00 1.82e-12 0.00e+00 0.00e+00 0.00e+00]
 [5.34e+04 8.00e+01 6.00e+00 6.00e+01 1.60e-02 0.00e+00 1.00e+00 0.00e+00
  0.00e+00 0.00e+00 1.00e+00 1.82e-12 0.00e+00 0.00e+00 0.00e+00]
 [5.34e+04 8.00e+01 6.00e+00 5.20e+01 4.80e-01 1.00e+00 0.00e+00 0.00e+00
  0.00e+00 0.00e+00 1.00e+00 1.82e-12 0.00e+00 0.00e+00 0.00e+00]
 [5.34e+04 8.00e+01 6.00e+00 2.83e+02 4.03e-03 1.00e+00 0.00e+00 0.00e+00
  0.00e+00 1.00e+00 1.00e+00 1.82e-12 0.00e+00 0.00e+00 0.00e+00]
 [5.34e+04 8.00e+01 6.00e+00 5.20e+01 6.19e-02 0.00e+00 0.00e+00 0.00e+00
  0.00e+00 0.00e+00 1.00e+00 1.82e-12 0.00e+00 0.00e+00 0.00e+00]
 [5.34e+04 8.00e+01 6.00e+00 5.20e+01 5.49e+02 1.00e+00 0.00e+00 1.00e+00
  0.00e+00 0.00e+00 1.00e+00 1.82e-12 0.00e+00 0.00e+00 0.00e+00]
 [5.34e+04 8.00e+01 6.00e+00 5.35e+02 5.73e-01 0.00e+00 0.00e+00 0.00e+00
  0.00e+00 1.00e+00 1.00e+00 1.82e-12 0.00e+00 0.00e+00 0.00e+00]
 [5.34e+04 8.00e+01 6.00e+00 5.20e+01 9.77e-04 0.00e+00 0.00e+00 1.00e+00
  0.00e+00 0.00e+00 1.00e+00 1.82e-12 0.00e+00 0.00e+00 0.00e+00]
 [5.34e+04 8.00e+01 6.00e+00 4.00e+01 4.71e-01 1.00e+00 0.00e+00 0.00e+00
  1.00e+00 0.00e+00 0.00e+00 1.82e-12 0.00e+00 0.00e+00 0.00e+00]][[5.34e+04 8.00e+01 6.00e+00 6.00e+01 1.22e-04 1.00e+00 1.00e+00 0.00e+00
  0.00e+00 0.00e+00 0.00e+00 1.82e-12 0.00e+00 0.00e+00 0.00e+00]
 [5.34e+04 8.00e+01 6.00e+00 6.00e+01 3.60e-02 0.00e+00 1.00e+00 0.00e+00
  0.00e+00 0.00e+00 1.00e+00 1.82e-12 0.00e+00 0.00e+00 0.00e+00]
 [5.34e+04 8.00e+01 6.00e+00 5.20e+01 5.17e-01 1.00e+00 0.00e+00 0.00e+00
  0.00e+00 0.00e+00 1.00e+00 1.82e-12 0.00e+00 0.00e+00 0.00e+00]
 [5.34e+04 8.00e+01 6.00e+00 2.83e+02 2.38e-01 1.00e+00 0.00e+00 0.00e+00
  0.00e+00 1.00e+00 1.00e+00 1.82e-12 0.00e+00 0.00e+00 0.00e+00]
 [5.34e+04 8.00e+01 6.00e+00 5.20e+01 7.98e-02 0.00e+00 0.00e+00 0.00e+00
  0.00e+00 0.00e+00 1.00e+00 1.82e-12 0.00e+00 0.00e+00 0.00e+00]
 [5.34e+04 8.00e+01 6.00e+00 5.20e+01 5.48e+02 1.00e+00 0.00e+00 1.00e+00
  0.00e+00 0.00e+00 1.00e+00 1.82e-12 0.00e+00 0.00e+00 0.00e+00]
 [5.34e+04 8.00e+01 6.00e+00 5.35e+02 7.09e-01 0.00e+00 0.00e+00 0.00e+00
  0.00e+00 1.00e+00 1.00e+00 1.82e-12 0.00e+00 0.00e+00 0.00e+00]
 [5.34e+04 8.00e+01 6.00e+00 5.20e+01 9.77e-04 0.00e+00 0.00e+00 1.00e+00
  0.00e+00 0.00e+00 1.00e+00 1.82e-12 0.00e+00 0.00e+00 0.00e+00]
 [5.34e+04 8.00e+01 6.00e+00 4.00e+01 5.43e-01 1.00e+00 0.00e+00 0.00e+00
  1.00e+00 0.00e+00 0.00e+00 1.82e-12 0.00e+00 0.00e+00 0.00e+00]][[5.34e+04 8.00e+01 6.00e+00 6.00e+01 1.22e-04 1.00e+00 1.00e+00 0.00e+00
  0.00e+00 0.00e+00 0.00e+00 1.82e-12 0.00e+00 0.00e+00 0.00e+00]
 [5.34e+04 8.00e+01 6.00e+00 6.00e+01 4.10e-02 0.00e+00 1.00e+00 0.00e+00
  0.00e+00 0.00e+00 1.00e+00 1.82e-12 0.00e+00 0.00e+00 0.00e+00]
 [5.34e+04 8.00e+01 6.00e+00 5.20e+01 6.65e-01 1.00e+00 0.00e+00 0.00e+00
  0.00e+00 0.00e+00 1.00e+00 1.82e-12 0.00e+00 0.00e+00 0.00e+00]
 [5.34e+04 8.00e+01 6.00e+00 2.83e+02 1.03e-01 1.00e+00 0.00e+00 0.00e+00
  0.00e+00 1.00e+00 1.00e+00 1.82e-12 0.00e+00 0.00e+00 0.00e+00]
 [5.34e+04 8.00e+01 6.00e+00 5.20e+01 7.10e-02 0.00e+00 0.00e+00 0.00e+00
  0.00e+00 0.00e+00 1.00e+00 1.82e-12 0.00e+00 0.00e+00 0.00e+00]
 [5.34e+04 8.00e+01 6.00e+00 5.20e+01 5.48e+02 1.00e+00 0.00e+00 1.00e+00
  0.00e+00 0.00e+00 1.00e+00 1.82e-12 0.00e+00 0.00e+00 0.00e+00]
 [5.34e+04 8.00e+01 6.00e+00 5.35e+02 7.75e-01 0.00e+00 0.00e+00 0.00e+00
  0.00e+00 1.00e+00 1.00e+00 1.82e-12 0.00e+00 0.00e+00 0.00e+00]
 [5.34e+04 8.00e+01 6.00e+00 5.20e+01 9.77e-04 0.00e+00 0.00e+00 1.00e+00
  0.00e+00 0.00e+00 1.00e+00 1.82e-12 0.00e+00 0.00e+00 0.00e+00]
 [5.34e+04 8.00e+01 6.00e+00 4.00e+01 4.94e-01 1.00e+00 0.00e+00 0.00e+00
  1.00e+00 0.00e+00 0.00e+00 1.82e-12 0.00e+00 0.00e+00 0.00e+00]]