[[5.05e+04 5.30e+01 1.70e+01 6.10e+01 1.22e-04 1.00e+00 0.00e+00 0.00e+00
  0.00e+00 0.00e+00 0.00e+00 1.82e-12 0.00e+00 0.00e+00 0.00e+00]
 [5.05e+04 5.30e+01 1.70e+01 6.10e+01 2.93e-03 1.00e+00 0.00e+00 0.00e+00
  0.00e+00 0.00e+00 0.00e+00 1.82e-12 0.00e+00 0.00e+00 0.00e+00]
 [5.05e+04 5.30e+01 1.70e+01 1.07e+02 4.72e+01 0.00e+00 0.00e+00 0.00e+00
  0.00e+00 0.00e+00 0.00e+00 1.82e-12 0.00e+00 0.00e+00 0.00e+00]
 [5.05e+04 5.30e+01 1.70e+01 1.07e+02 2.93e-03 0.00e+00 0.00e+00 0.00e+00
  0.00e+00 0.00e+00 0.00e+00 1.82e-12 0.00e+00 0.00e+00 0.00e+00]][[5.72e+04 5.30e+01 1.70e+01 6.50e+01 1.22e-04 1.00e+00 0.00e+00 0.00e+00
  0.00e+00 0.00e+00 0.00e+00 1.82e-12 0.00e+00 0.00e+00 0.00e+00]
 [5.72e+04 5.30e+01 1.70e+01 6.50e+01 4.03e-03 1.00e+00 0.00e+00 0.00e+00
  0.00e+00 0.00e+00 0.00e+00 1.82e-12 0.00e+00 0.00e+00 0.00e+00]
 [5.72e+04 5.30e+01 1.70e+01 8.10e+01 1.71e-01 0.00e+00 0.00e+00 0.00e+00
  0.00e+00 0.00e+00 0.00e+00 1.82e-12 0.00e+00 0.00e+00 0.00e+00]
 [5.72e+04 5.30e+01 1.70e+01 8.10e+01 4.03e-03 0.00e+00 0.00e+00 0.00e+00
  0.00e+00 0.00e+00 0.00e+00 1.82e-12 0.00e+00 0.00e+00 0.00e+00]][[5.63e+04 5.30e+01 1.70e+01 6.20e+01 1.22e-04 1.00e+00 0.00e+00 0.00e+00
  0.00e+00 0.00e+00 0.00e+00 1.82e-12 0.00e+00 0.00e+00 0.00e+00]
 [5.63e+04 5.30e+01 1.70e+01 6.20e+01 2.93e-03 1.00e+00 0.00e+00 0.00e+00
  0.00e+00 0.00e+00 0.00e+00 1.82e-12 0.00e+00 0.00e+00 0.00e+00]
 [5.63e+04 5.30e+01 1.70e+01 9.90e+01 2.41e+01 0.00e+00 0.00e+00 0.00e+00
  0.00e+00 0.00e+00 0.00e+00 1.82e-12 0.00e+00 0.00e+00 0.00e+00]
 [5.63e+04 5.30e+01 1.70e+01 9.90e+01 2.93e-03 0.00e+00 0.00e+00 0.00e+00
  0.00e+00 0.00e+00 0.00e+00 1.82e-12 0.00e+00 0.00e+00 0.00e+00]][[5.54e+04 5.30e+01 1.70e+01 6.40e+01 1.22e-04 1.00e+00 0.00e+00 0.00e+00
  0.00e+00 0.00e+00 0.00e+00 1.82e-12 0.00e+00 0.00e+00 0.00e+00]
 [5.54e+04 5.30e+01 1.70e+01 6.40e+01 2.93e-03 1.00e+00 0.00e+00 0.00e+00
  0.00e+00 0.00e+00 0.00e+00 1.82e-12 0.00e+00 0.00e+00 0.00e+00]
 [5.54e+04 5.30e+01 1.70e+01 8.00e+01 1.84e-01 0.00e+00 0.00e+00 0.00e+00
  0.00e+00 0.00e+00 0.00e+00 1.82e-12 0.00e+00 0.00e+00 0.00e+00]
 [5.54e+04 5.30e+01 1.70e+01 8.00e+01 2.93e-03 0.00e+00 0.00e+00 0.00e+00
  0.00e+00 0.00e+00 0.00e+00 1.82e-12 0.00e+00 0.00e+00 0.00e+00]][[6.11e+04 5.30e+01 1.70e+01 6.10e+01 1.22e-04 1.00e+00 0.00e+00 0.00e+00
  0.00e+00 0.00e+00 0.00e+00 1.82e-12 0.00e+00 0.00e+00 0.00e+00]
 [6.11e+04 5.30e+01 1.70e+01 6.10e+01 2.93e-03 1.00e+00 0.00e+00 0.00e+00
  0.00e+00 0.00e+00 0.00e+00 1.82e-12 0.00e+00 0.00e+00 0.00e+00]
 [6.11e+04 5.30e+01 1.70e+01 1.07e+02 1.02e+02 0.00e+00 0.00e+00 0.00e+00
  0.00e+00 0.00e+00 0.00e+00 1.82e-12 0.00e+00 0.00e+00 0.00e+00]
 [6.11e+04 5.30e+01 1.70e+01 1.07e+02 2.93e-03 0.00e+00 0.00e+00 0.00e+00
  0.00e+00 0.00e+00 0.00e+00 1.82e-12 0.00e+00 0.00e+00 0.00e+00]][[5.19e+04 5.30e+01 1.70e+01 6.50e+01 1.22e-04 1.00e+00 0.00e+00 0.00e+00
  0.00e+00 0.00e+00 0.00e+00 1.82e-12 0.00e+00 0.00e+00 0.00e+00]
 [5.19e+04 5.30e+01 1.70e+01 6.50e+01 2.93e-03 1.00e+00 0.00e+00 0.00e+00
  0.00e+00 0.00e+00 0.00e+00 1.82e-12 0.00e+00 0.00e+00 0.00e+00]
 [5.19e+04 5.30e+01 1.70e+01 8.10e+01 1.66e-01 0.00e+00 0.00e+00 0.00e+00
  0.00e+00 0.00e+00 0.00e+00 1.82e-12 0.00e+00 0.00e+00 0.00e+00]
 [5.19e+04 5.30e+01 1.70e+01 8.10e+01 2.93e-03 0.00e+00 0.00e+00 0.00e+00
  0.00e+00 0.00e+00 0.00e+00 1.82e-12 0.00e+00 0.00e+00 0.00e+00]][[6.16e+04 5.30e+01 1.70e+01 7.30e+01 1.22e-04 1.00e+00 0.00e+00 0.00e+00
  0.00e+00 0.00e+00 0.00e+00 1.82e-12 0.00e+00 0.00e+00 0.00e+00]
 [6.16e+04 5.30e+01 1.70e+01 7.30e+01 2.93e-03 1.00e+00 0.00e+00 0.00e+00
  0.00e+00 0.00e+00 0.00e+00 1.82e-12 0.00e+00 0.00e+00 0.00e+00]
 [6.16e+04 5.30e+01 1.70e+01 1.58e+02 5.07e+01 0.00e+00 0.00e+00 0.00e+00
  0.00e+00 0.00e+00 0.00e+00 1.82e-12 0.00e+00 0.00e+00 0.00e+00]
 [6.16e+04 5.30e+01 1.70e+01 1.58e+02 9.77e-04 0.00e+00 0.00e+00 0.00e+00
  0.00e+00 0.00e+00 0.00e+00 1.82e-12 0.00e+00 0.00e+00 0.00e+00]][[6.36e+04 5.30e+01 1.70e+01 7.30e+01 1.22e-04 1.00e+00 0.00e+00 0.00e+00
  0.00e+00 0.00e+00 0.00e+00 1.82e-12 0.00e+00 0.00e+00 0.00e+00]
 [6.36e+04 5.30e+01 1.70e+01 7.30e+01 1.29e-02 1.00e+00 0.00e+00 0.00e+00
  0.00e+00 0.00e+00 0.00e+00 1.82e-12 0.00e+00 0.00e+00 0.00e+00]
 [6.36e+04 5.30e+01 1.70e+01 1.58e+02 5.06e+01 0.00e+00 0.00e+00 0.00e+00
  0.00e+00 0.00e+00 0.00e+00 1.82e-12 0.00e+00 0.00e+00 0.00e+00]
 [6.36e+04 5.30e+01 1.70e+01 1.58e+02 4.03e-03 0.00e+00 0.00e+00 0.00e+00
  0.00e+00 0.00e+00 0.00e+00 1.82e-12 0.00e+00 0.00e+00 0.00e+00]][[1.25e+03 4.43e+02 6.00e+00 5.20e+01 1.22e-04 1.00e+00 1.00e+00 0.00e+00
  0.00e+00 0.00e+00 0.00e+00 1.82e-12 0.00e+00 0.00e+00 0.00e+00]
 [1.25e+03 4.43e+02 6.00e+00 4.40e+01 8.46e+01 0.00e+00 1.00e+00 0.00e+00
  0.00e+00 0.00e+00 1.00e+00 1.82e-12 0.00e+00 0.00e+00 0.00e+00]
 [1.25e+03 4.43e+02 6.00e+00 4.00e+01 6.30e-02 1.00e+00 0.00e+00 0.00e+00
  0.00e+00 0.00e+00 1.00e+00 1.82e-12 0.00e+00 0.00e+00 0.00e+00]
 [1.25e+03 4.43e+02 6.00e+00 2.48e+02 2.97e-01 1.00e+00 0.00e+00 0.00e+00
  0.00e+00 1.00e+00 1.00e+00 1.82e-12 0.00e+00 0.00e+00 0.00e+00]
 [1.25e+03 4.43e+02 6.00e+00 4.00e+01 8.44e+01 0.00e+00 0.00e+00 0.00e+00
  0.00e+00 0.00e+00 1.00e+00 1.82e-12 0.00e+00 0.00e+00 0.00e+00]
 [1.25e+03 4.43e+02 6.00e+00 1.50e+03 2.57e+00 0.00e+00 0.00e+00 0.00e+00
  0.00e+00 0.00e+00 1.00e+00 1.82e-12 0.00e+00 0.00e+00 0.00e+00]
 [1.25e+03 4.43e+02 6.00e+00 1.50e+03 2.11e-01 0.00e+00 0.00e+00 0.00e+00
  0.00e+00 0.00e+00 1.00e+00 1.82e-12 0.00e+00 0.00e+00 0.00e+00]
 [1.25e+03 4.43e+02 6.00e+00 7.86e+02 4.80e-02 0.00e+00 0.00e+00 0.00e+00
  0.00e+00 1.00e+00 1.00e+00 1.82e-12 0.00e+00 0.00e+00 0.00e+00]
 [1.25e+03 4.43e+02 6.00e+00 4.00e+01 6.01e-02 1.00e+00 0.00e+00 0.00e+00
  0.00e+00 0.00e+00 1.00e+00 1.82e-12 0.00e+00 0.00e+00 0.00e+00]
 [1.25e+03 4.43e+02 6.00e+00 1.66e+02 4.64e+00 1.00e+00 0.00e+00 0.00e+00
  0.00e+00 1.00e+00 1.00e+00 1.82e-12 0.00e+00 0.00e+00 0.00e+00]
 [1.25e+03 4.43e+02 6.00e+00 8.53e+02 9.70e-02 1.00e+00 0.00e+00 0.00e+00
  0.00e+00 1.00e+00 1.00e+00 1.82e-12 0.00e+00 0.00e+00 0.00e+00]
 [1.25e+03 4.43e+02 6.00e+00 4.00e+01 8.45e+01 0.00e+00 0.00e+00 0.00e+00
  0.00e+00 0.00e+00 1.00e+00 1.82e-12 0.00e+00 0.00e+00 0.00e+00]
 [1.25e+03 4.43e+02 6.00e+00 9.10e+01 4.93e-01 0.00e+00 0.00e+00 0.00e+00
  0.00e+00 1.00e+00 1.00e+00 1.82e-12 0.00e+00 0.00e+00 0.00e+00]
 [1.25e+03 4.43e+02 6.00e+00 1.84e+03 1.40e+01 0.00e+00 0.00e+00 0.00e+00
  0.00e+00 1.00e+00 1.00e+00 1.82e-12 0.00e+00 0.00e+00 0.00e+00]
 [1.25e+03 4.43e+02 6.00e+00 4.00e+01 7.20e-02 1.00e+00 0.00e+00 0.00e+00
  0.00e+00 0.00e+00 1.00e+00 1.82e-12 0.00e+00 0.00e+00 0.00e+00]
 [1.25e+03 4.43e+02 6.00e+00 4.10e+01 9.99e+03 1.00e+00 0.00e+00 0.00e+00
  0.00e+00 0.00e+00 1.00e+00 1.82e-12 0.00e+00 0.00e+00 0.00e+00]
 [1.25e+03 4.43e+02 6.00e+00 4.00e+01 8.44e+01 0.00e+00 0.00e+00 0.00e+00
  0.00e+00 0.00e+00 1.00e+00 1.82e-12 0.00e+00 0.00e+00 0.00e+00]
 [1.25e+03 4.43e+02 6.00e+00 4.10e+01 1.00e+04 1.00e+00 0.00e+00 0.00e+00
  0.00e+00 0.00e+00 1.00e+00 1.82e-12 0.00e+00 0.00e+00 0.00e+00]
 [1.25e+03 4.43e+02 6.00e+00 4.00e+01 8.47e+01 0.00e+00 0.00e+00 0.00e+00
  0.00e+00 0.00e+00 1.00e+00 1.82e-12 0.00e+00 0.00e+00 0.00e+00]
 [1.25e+03 4.43e+02 6.00e+00 4.10e+01 1.00e+04 1.00e+00 0.00e+00 0.00e+00
  0.00e+00 0.00e+00 1.00e+00 1.82e-12 0.00e+00 0.00e+00 0.00e+00]
 [1.25e+03 4.43e+02 6.00e+00 4.00e+01 8.43e+01 0.00e+00 0.00e+00 0.00e+00
  0.00e+00 0.00e+00 1.00e+00 1.82e-12 0.00e+00 0.00e+00 0.00e+00]
 [1.25e+03 4.43e+02 6.00e+00 4.10e+01 1.00e+04 1.00e+00 0.00e+00 0.00e+00
  0.00e+00 0.00e+00 1.00e+00 1.82e-12 0.00e+00 0.00e+00 0.00e+00]
 [1.25e+03 4.43e+02 6.00e+00 4.00e+01 8.45e+01 0.00e+00 0.00e+00 0.00e+00
  0.00e+00 0.00e+00 1.00e+00 1.82e-12 0.00e+00 0.00e+00 0.00e+00]
 [1.25e+03 4.43e+02 6.00e+00 4.10e+01 9.99e+03 1.00e+00 0.00e+00 0.00e+00
  0.00e+00 0.00e+00 1.00e+00 1.82e-12 0.00e+00 0.00e+00 0.00e+00]
 [1.25e+03 4.43e+02 6.00e+00 4.00e+01 8.44e+01 0.00e+00 0.00e+00 0.00e+00
  0.00e+00 0.00e+00 1.00e+00 1.82e-12 0.00e+00 0.00e+00 0.00e+00]
 [1.25e+03 4.43e+02 6.00e+00 4.10e+01 9.99e+03 1.00e+00 0.00e+00 0.00e+00
  0.00e+00 0.00e+00 1.00e+00 1.82e-12 0.00e+00 0.00e+00 0.00e+00]
 [1.25e+03 4.43e+02 6.00e+00 4.00e+01 8.45e+01 0.00e+00 0.00e+00 0.00e+00
  0.00e+00 0.00e+00 1.00e+00 1.82e-12 0.00e+00 0.00e+00 0.00e+00]
 [1.25e+03 4.43e+02 6.00e+00 4.10e+01 9.99e+03 1.00e+00 0.00e+00 0.00e+00
  0.00e+00 0.00e+00 1.00e+00 1.82e-12 0.00e+00 0.00e+00 0.00e+00]
 [1.25e+03 4.43e+02 6.00e+00 4.00e+01 8.44e+01 0.00e+00 0.00e+00 0.00e+00
  0.00e+00 0.00e+00 1.00e+00 1.82e-12 0.00e+00 0.00e+00 0.00e+00]
 [1.25e+03 4.43e+02 6.00e+00 4.10e+01 9.99e+03 1.00e+00 0.00e+00 0.00e+00
  0.00e+00 0.00e+00 1.00e+00 1.82e-12 0.00e+00 0.00e+00 0.00e+00]
 [1.25e+03 4.43e+02 6.00e+00 4.00e+01 8.45e+01 0.00e+00 0.00e+00 0.00e+00
  0.00e+00 0.00e+00 1.00e+00 1.82e-12 0.00e+00 0.00e+00 0.00e+00]
 [1.25e+03 4.43e+02 6.00e+00 4.10e+01 9.99e+03 1.00e+00 0.00e+00 0.00e+00
  0.00e+00 0.00e+00 1.00e+00 1.82e-12 0.00e+00 0.00e+00 0.00e+00]
 [1.25e+03 4.43e+02 6.00e+00 4.00e+01 8.43e+01 0.00e+00 0.00e+00 0.00e+00
  0.00e+00 0.00e+00 1.00e+00 1.82e-12 0.00e+00 0.00e+00 0.00e+00]
 [1.25e+03 4.43e+02 6.00e+00 4.10e+01 9.99e+03 1.00e+00 0.00e+00 0.00e+00
  0.00e+00 0.00e+00 1.00e+00 1.82e-12 0.00e+00 0.00e+00 0.00e+00]
 [1.25e+03 4.43e+02 6.00e+00 4.00e+01 8.45e+01 0.00e+00 0.00e+00 0.00e+00
  0.00e+00 0.00e+00 1.00e+00 1.82e-12 0.00e+00 0.00e+00 0.00e+00]
 [1.25e+03 4.43e+02 6.00e+00 4.10e+01 1.00e+04 1.00e+00 0.00e+00 0.00e+00
  0.00e+00 0.00e+00 1.00e+00 1.82e-12 0.00e+00 0.00e+00 0.00e+00]
 [1.25e+03 4.43e+02 6.00e+00 4.00e+01 8.49e+01 0.00e+00 0.00e+00 0.00e+00
  0.00e+00 0.00e+00 1.00e+00 1.82e-12 0.00e+00 0.00e+00 0.00e+00]
 [1.25e+03 4.43e+02 6.00e+00 7.10e+01 4.14e+03 1.00e+00 0.00e+00 0.00e+00
  0.00e+00 1.00e+00 1.00e+00 1.82e-12 0.00e+00 0.00e+00 0.00e+00]
 [1.25e+03 4.43e+02 6.00e+00 4.00e+01 4.70e-02 1.00e+00 0.00e+00 1.00e+00
  0.00e+00 0.00e+00 1.00e+00 1.82e-12 0.00e+00 0.00e+00 0.00e+00]
 [1.25e+03 4.43e+02 6.00e+00 4.00e+01 8.45e+01 0.00e+00 0.00e+00 0.00e+00
  0.00e+00 0.00e+00 1.00e+00 1.82e-12 0.00e+00 0.00e+00 0.00e+00]
 [1.25e+03 4.43e+02 6.00e+00 7.10e+01 2.93e-03 0.00e+00 0.00e+00 0.00e+00
  0.00e+00 1.00e+00 1.00e+00 1.82e-12 0.00e+00 0.00e+00 0.00e+00]
 [1.25e+03 4.43e+02 6.00e+00 4.00e+01 9.77e-04 0.00e+00 0.00e+00 1.00e+00
  0.00e+00 0.00e+00 1.00e+00 1.82e-12 0.00e+00 0.00e+00 0.00e+00]
 [1.25e+03 4.43e+02 6.00e+00 4.00e+01 2.10e-02 1.00e+00 0.00e+00 0.00e+00
  1.00e+00 0.00e+00 1.00e+00 1.82e-12 0.00e+00 0.00e+00 0.00e+00]][[5.63e+04 5.30e+01 1.70e+01 7.30e+01 1.22e-04 1.00e+00 0.00e+00 0.00e+00
  0.00e+00 0.00e+00 0.00e+00 1.82e-12 0.00e+00 0.00e+00 0.00e+00]
 [5.63e+04 5.30e+01 1.70e+01 7.30e+01 2.93e-03 1.00e+00 0.00e+00 0.00e+00
  0.00e+00 0.00e+00 0.00e+00 1.82e-12 0.00e+00 0.00e+00 0.00e+00]
 [5.63e+04 5.30e+01 1.70e+01 1.58e+02 1.94e-01 0.00e+00 0.00e+00 0.00e+00
  0.00e+00 0.00e+00 0.00e+00 1.82e-12 0.00e+00 0.00e+00 0.00e+00]
 [5.63e+04 5.30e+01 1.70e+01 1.58e+02 4.03e-03 0.00e+00 0.00e+00 0.00e+00
  0.00e+00 0.00e+00 0.00e+00 1.82e-12 0.00e+00 0.00e+00 0.00e+00]]