[[4.28e+04 8.00e+01 6.00e+00 4.80e+01 0.00e+00 1.00e+00 1.00e+00 0.00e+00
  0.00e+00 0.00e+00 0.00e+00 0.00e+00 0.00e+00 0.00e+00 0.00e+00]
 [4.28e+04 8.00e+01 6.00e+00 4.80e+01 5.69e+01 0.00e+00 1.00e+00 0.00e+00
  0.00e+00 0.00e+00 1.00e+00 0.00e+00 0.00e+00 0.00e+00 0.00e+00]
 [4.28e+04 8.00e+01 6.00e+00 4.80e+01 8.59e+01 1.00e+00 0.00e+00 0.00e+00
  0.00e+00 0.00e+00 1.00e+00 0.00e+00 0.00e+00 0.00e+00 0.00e+00]
 [4.28e+04 8.00e+01 6.00e+00 2.23e+02 1.49e+02 1.00e+00 0.00e+00 0.00e+00
  0.00e+00 1.00e+00 1.00e+00 0.00e+00 0.00e+00 0.00e+00 0.00e+00]
 [4.28e+04 8.00e+01 6.00e+00 4.48e+02 6.72e+01 0.00e+00 0.00e+00 0.00e+00
  0.00e+00 0.00e+00 1.00e+00 0.00e+00 0.00e+00 0.00e+00 0.00e+00]
 [4.28e+04 8.00e+01 6.00e+00 4.00e+01 6.76e+01 1.00e+00 0.00e+00 1.00e+00
  0.00e+00 0.00e+00 1.00e+00 0.00e+00 0.00e+00 0.00e+00 0.00e+00]
 [4.28e+04 8.00e+01 6.00e+00 4.00e+01 8.85e-01 0.00e+00 0.00e+00 1.00e+00
  0.00e+00 0.00e+00 1.00e+00 0.00e+00 0.00e+00 0.00e+00 0.00e+00]
 [4.28e+04 8.00e+01 6.00e+00 4.00e+01 3.79e+01 0.00e+00 0.00e+00 0.00e+00
  0.00e+00 0.00e+00 1.00e+00 0.00e+00 0.00e+00 0.00e+00 0.00e+00]
 [4.28e+04 8.00e+01 6.00e+00 4.00e+01 5.93e-01 1.00e+00 0.00e+00 0.00e+00
  0.00e+00 0.00e+00 1.00e+00 0.00e+00 0.00e+00 0.00e+00 0.00e+00]][[1.65e+04 8.00e+01 6.00e+00 4.80e+01 0.00e+00 1.00e+00 1.00e+00 0.00e+00
  0.00e+00 0.00e+00 0.00e+00 0.00e+00 0.00e+00 0.00e+00 0.00e+00]
 [1.65e+04 8.00e+01 6.00e+00 4.80e+01 5.31e+01 0.00e+00 1.00e+00 0.00e+00
  0.00e+00 0.00e+00 1.00e+00 0.00e+00 0.00e+00 0.00e+00 0.00e+00]
 [1.65e+04 8.00e+01 6.00e+00 4.80e+01 4.66e+01 1.00e+00 0.00e+00 0.00e+00
  0.00e+00 0.00e+00 1.00e+00 0.00e+00 0.00e+00 0.00e+00 0.00e+00]
 [1.65e+04 8.00e+01 6.00e+00 2.23e+02 4.08e+01 1.00e+00 0.00e+00 0.00e+00
  0.00e+00 1.00e+00 1.00e+00 0.00e+00 0.00e+00 0.00e+00 0.00e+00]
 [1.65e+04 8.00e+01 6.00e+00 4.00e+01 2.63e+02 0.00e+00 0.00e+00 0.00e+00
  0.00e+00 0.00e+00 1.00e+00 0.00e+00 0.00e+00 0.00e+00 0.00e+00]
 [1.65e+04 8.00e+01 6.00e+00 4.12e+02 3.27e+01 0.00e+00 0.00e+00 0.00e+00
  0.00e+00 0.00e+00 1.00e+00 0.00e+00 0.00e+00 0.00e+00 0.00e+00]
 [1.65e+04 8.00e+01 6.00e+00 4.00e+01 7.01e+01 1.00e+00 0.00e+00 1.00e+00
  0.00e+00 0.00e+00 1.00e+00 0.00e+00 0.00e+00 0.00e+00 0.00e+00]
 [1.65e+04 8.00e+01 6.00e+00 4.00e+01 9.32e-01 0.00e+00 0.00e+00 1.00e+00
  0.00e+00 0.00e+00 1.00e+00 0.00e+00 0.00e+00 0.00e+00 0.00e+00]
 [1.65e+04 8.00e+01 6.00e+00 4.00e+01 4.68e+01 0.00e+00 0.00e+00 0.00e+00
  0.00e+00 0.00e+00 1.00e+00 0.00e+00 0.00e+00 0.00e+00 0.00e+00]
 [1.65e+04 8.00e+01 6.00e+00 4.00e+01 1.63e+01 1.00e+00 0.00e+00 0.00e+00
  0.00e+00 0.00e+00 1.00e+00 0.00e+00 0.00e+00 0.00e+00 0.00e+00]][[1.12e+04 8.00e+01 6.00e+00 4.80e+01 0.00e+00 1.00e+00 1.00e+00 0.00e+00
  0.00e+00 0.00e+00 0.00e+00 0.00e+00 0.00e+00 0.00e+00 0.00e+00]
 [1.12e+04 8.00e+01 6.00e+00 4.80e+01 5.63e+01 0.00e+00 1.00e+00 0.00e+00
  0.00e+00 0.00e+00 1.00e+00 0.00e+00 0.00e+00 0.00e+00 0.00e+00]
 [1.12e+04 8.00e+01 6.00e+00 4.80e+01 4.62e+01 1.00e+00 0.00e+00 0.00e+00
  0.00e+00 0.00e+00 1.00e+00 0.00e+00 0.00e+00 0.00e+00 0.00e+00]
 [1.12e+04 8.00e+01 6.00e+00 2.29e+02 4.75e+01 1.00e+00 0.00e+00 0.00e+00
  0.00e+00 1.00e+00 1.00e+00 0.00e+00 0.00e+00 0.00e+00 0.00e+00]
 [1.12e+04 8.00e+01 6.00e+00 4.00e+01 2.82e+02 0.00e+00 0.00e+00 0.00e+00
  0.00e+00 0.00e+00 1.00e+00 0.00e+00 0.00e+00 0.00e+00 0.00e+00]
 [1.12e+04 8.00e+01 6.00e+00 4.42e+02 1.02e+02 0.00e+00 0.00e+00 0.00e+00
  0.00e+00 0.00e+00 1.00e+00 0.00e+00 0.00e+00 0.00e+00 0.00e+00]
 [1.12e+04 8.00e+01 6.00e+00 4.00e+01 1.41e+02 1.00e+00 0.00e+00 1.00e+00
  0.00e+00 0.00e+00 1.00e+00 0.00e+00 0.00e+00 0.00e+00 0.00e+00]
 [1.12e+04 8.00e+01 6.00e+00 4.00e+01 8.70e-02 0.00e+00 0.00e+00 1.00e+00
  0.00e+00 0.00e+00 1.00e+00 0.00e+00 0.00e+00 0.00e+00 0.00e+00]
 [1.12e+04 8.00e+01 6.00e+00 4.00e+01 6.63e+01 1.00e+00 0.00e+00 0.00e+00
  0.00e+00 0.00e+00 1.00e+00 0.00e+00 0.00e+00 0.00e+00 0.00e+00]][[8.00e+01 1.12e+04 6.00e+00 4.00e+01 0.00e+00 1.00e+00 0.00e+00 0.00e+00
  0.00e+00 0.00e+00 1.00e+00 0.00e+00 0.00e+00 0.00e+00 0.00e+00]][[4.84e+04 8.00e+01 6.00e+00 4.80e+01 0.00e+00 1.00e+00 1.00e+00 0.00e+00
  0.00e+00 0.00e+00 0.00e+00 0.00e+00 0.00e+00 0.00e+00 0.00e+00]
 [4.84e+04 8.00e+01 6.00e+00 4.80e+01 8.01e+01 0.00e+00 1.00e+00 0.00e+00
  0.00e+00 0.00e+00 1.00e+00 0.00e+00 0.00e+00 0.00e+00 0.00e+00]
 [4.84e+04 8.00e+01 6.00e+00 4.80e+01 1.01e+02 1.00e+00 0.00e+00 0.00e+00
  0.00e+00 0.00e+00 1.00e+00 0.00e+00 0.00e+00 0.00e+00 0.00e+00]
 [4.84e+04 8.00e+01 6.00e+00 2.20e+02 3.41e+02 1.00e+00 0.00e+00 0.00e+00
  0.00e+00 1.00e+00 1.00e+00 0.00e+00 0.00e+00 0.00e+00 0.00e+00]
 [4.84e+04 8.00e+01 6.00e+00 5.42e+02 1.52e+02 0.00e+00 0.00e+00 0.00e+00
  0.00e+00 0.00e+00 1.00e+00 0.00e+00 0.00e+00 0.00e+00 0.00e+00]
 [4.84e+04 8.00e+01 6.00e+00 4.00e+01 6.93e+01 1.00e+00 0.00e+00 1.00e+00
  0.00e+00 0.00e+00 1.00e+00 0.00e+00 0.00e+00 0.00e+00 0.00e+00]
 [4.84e+04 8.00e+01 6.00e+00 4.00e+01 9.38e-01 0.00e+00 0.00e+00 1.00e+00
  0.00e+00 0.00e+00 1.00e+00 0.00e+00 0.00e+00 0.00e+00 0.00e+00]
 [4.84e+04 8.00e+01 6.00e+00 4.00e+01 4.15e+01 0.00e+00 0.00e+00 0.00e+00
  0.00e+00 0.00e+00 1.00e+00 0.00e+00 0.00e+00 0.00e+00 0.00e+00]
 [4.84e+04 8.00e+01 6.00e+00 4.00e+01 6.44e-01 1.00e+00 0.00e+00 0.00e+00
  0.00e+00 0.00e+00 1.00e+00 0.00e+00 0.00e+00 0.00e+00 0.00e+00]][[8.50e+03 8.00e+01 6.00e+00 4.80e+01 0.00e+00 1.00e+00 1.00e+00 0.00e+00
  0.00e+00 0.00e+00 0.00e+00 0.00e+00 0.00e+00 0.00e+00 0.00e+00]
 [8.50e+03 8.00e+01 6.00e+00 4.80e+01 8.08e+01 0.00e+00 1.00e+00 0.00e+00
  0.00e+00 0.00e+00 1.00e+00 0.00e+00 0.00e+00 0.00e+00 0.00e+00]
 [8.50e+03 8.00e+01 6.00e+00 4.80e+01 7.41e+01 1.00e+00 0.00e+00 0.00e+00
  0.00e+00 0.00e+00 1.00e+00 0.00e+00 0.00e+00 0.00e+00 0.00e+00]
 [8.50e+03 8.00e+01 6.00e+00 2.39e+02 7.48e+01 1.00e+00 0.00e+00 0.00e+00
  0.00e+00 1.00e+00 1.00e+00 0.00e+00 0.00e+00 0.00e+00 0.00e+00]
 [8.50e+03 8.00e+01 6.00e+00 4.00e+01 4.02e+02 0.00e+00 0.00e+00 0.00e+00
  0.00e+00 0.00e+00 1.00e+00 0.00e+00 0.00e+00 0.00e+00 0.00e+00]
 [8.50e+03 8.00e+01 6.00e+00 4.00e+01 1.57e+00 1.00e+00 0.00e+00 0.00e+00
  0.00e+00 0.00e+00 1.00e+00 0.00e+00 0.00e+00 0.00e+00 0.00e+00]][[5.43e+04 8.00e+01 6.00e+00 4.80e+01 0.00e+00 1.00e+00 1.00e+00 0.00e+00
  0.00e+00 0.00e+00 0.00e+00 0.00e+00 0.00e+00 0.00e+00 0.00e+00]
 [5.43e+04 8.00e+01 6.00e+00 4.80e+01 9.49e+01 0.00e+00 1.00e+00 0.00e+00
  0.00e+00 0.00e+00 1.00e+00 0.00e+00 0.00e+00 0.00e+00 0.00e+00]
 [5.43e+04 8.00e+01 6.00e+00 4.80e+01 1.07e+02 1.00e+00 0.00e+00 0.00e+00
  0.00e+00 0.00e+00 1.00e+00 0.00e+00 0.00e+00 0.00e+00 0.00e+00]
 [5.43e+04 8.00e+01 6.00e+00 2.20e+02 2.39e+02 1.00e+00 0.00e+00 0.00e+00
  0.00e+00 1.00e+00 1.00e+00 0.00e+00 0.00e+00 0.00e+00 0.00e+00]
 [5.43e+04 8.00e+01 6.00e+00 4.12e+02 1.75e+02 0.00e+00 0.00e+00 0.00e+00
  0.00e+00 0.00e+00 1.00e+00 0.00e+00 0.00e+00 0.00e+00 0.00e+00]
 [5.43e+04 8.00e+01 6.00e+00 4.00e+01 1.20e+02 1.00e+00 0.00e+00 1.00e+00
  0.00e+00 0.00e+00 1.00e+00 0.00e+00 0.00e+00 0.00e+00 0.00e+00]
 [5.43e+04 8.00e+01 6.00e+00 4.00e+01 9.94e-01 0.00e+00 0.00e+00 1.00e+00
  0.00e+00 0.00e+00 1.00e+00 0.00e+00 0.00e+00 0.00e+00 0.00e+00]
 [5.43e+04 8.00e+01 6.00e+00 4.00e+01 5.29e+01 0.00e+00 0.00e+00 0.00e+00
  0.00e+00 0.00e+00 1.00e+00 0.00e+00 0.00e+00 0.00e+00 0.00e+00]
 [5.43e+04 8.00e+01 6.00e+00 4.00e+01 6.87e-01 1.00e+00 0.00e+00 0.00e+00
  0.00e+00 0.00e+00 1.00e+00 0.00e+00 0.00e+00 0.00e+00 0.00e+00]][[1.37e+04 8.00e+01 6.00e+00 4.80e+01 0.00e+00 1.00e+00 1.00e+00 0.00e+00
  0.00e+00 0.00e+00 0.00e+00 0.00e+00 0.00e+00 0.00e+00 0.00e+00]
 [1.37e+04 8.00e+01 6.00e+00 4.80e+01 1.05e+02 0.00e+00 1.00e+00 0.00e+00
  0.00e+00 0.00e+00 1.00e+00 0.00e+00 0.00e+00 0.00e+00 0.00e+00]
 [1.37e+04 8.00e+01 6.00e+00 4.80e+01 4.85e+01 1.00e+00 0.00e+00 0.00e+00
  0.00e+00 0.00e+00 1.00e+00 0.00e+00 0.00e+00 0.00e+00 0.00e+00]
 [1.37e+04 8.00e+01 6.00e+00 2.27e+02 1.88e+02 1.00e+00 0.00e+00 0.00e+00
  0.00e+00 1.00e+00 1.00e+00 0.00e+00 0.00e+00 0.00e+00 0.00e+00]
 [1.37e+04 8.00e+01 6.00e+00 4.91e+02 5.60e+01 0.00e+00 0.00e+00 0.00e+00
  0.00e+00 0.00e+00 1.00e+00 0.00e+00 0.00e+00 0.00e+00 0.00e+00]
 [1.37e+04 8.00e+01 6.00e+00 4.00e+01 4.94e+01 1.00e+00 0.00e+00 1.00e+00
  0.00e+00 0.00e+00 1.00e+00 0.00e+00 0.00e+00 0.00e+00 0.00e+00]
 [1.37e+04 8.00e+01 6.00e+00 4.00e+01 1.25e+00 0.00e+00 0.00e+00 1.00e+00
  0.00e+00 0.00e+00 1.00e+00 0.00e+00 0.00e+00 0.00e+00 0.00e+00]
 [1.37e+04 8.00e+01 6.00e+00 4.00e+01 3.14e+01 0.00e+00 0.00e+00 0.00e+00
  0.00e+00 0.00e+00 1.00e+00 0.00e+00 0.00e+00 0.00e+00 0.00e+00]
 [1.37e+04 8.00e+01 6.00e+00 4.00e+01 2.55e+01 1.00e+00 0.00e+00 0.00e+00
  0.00e+00 0.00e+00 1.00e+00 0.00e+00 0.00e+00 0.00e+00 0.00e+00]][[9.82e+03 8.00e+01 6.00e+00 4.80e+01 0.00e+00 1.00e+00 1.00e+00 0.00e+00
  0.00e+00 0.00e+00 0.00e+00 0.00e+00 0.00e+00 0.00e+00 0.00e+00]
 [9.82e+03 8.00e+01 6.00e+00 4.80e+01 5.02e+01 0.00e+00 1.00e+00 0.00e+00
  0.00e+00 0.00e+00 1.00e+00 0.00e+00 0.00e+00 0.00e+00 0.00e+00]
 [9.82e+03 8.00e+01 6.00e+00 4.80e+01 7.70e+01 1.00e+00 0.00e+00 0.00e+00
  0.00e+00 0.00e+00 1.00e+00 0.00e+00 0.00e+00 0.00e+00 0.00e+00]
 [9.82e+03 8.00e+01 6.00e+00 2.22e+02 4.66e+01 1.00e+00 0.00e+00 0.00e+00
  0.00e+00 1.00e+00 1.00e+00 0.00e+00 0.00e+00 0.00e+00 0.00e+00]
 [9.82e+03 8.00e+01 6.00e+00 4.00e+01 2.58e+02 0.00e+00 0.00e+00 0.00e+00
  0.00e+00 0.00e+00 1.00e+00 0.00e+00 0.00e+00 0.00e+00 0.00e+00]
 [9.82e+03 8.00e+01 6.00e+00 4.21e+02 6.86e+01 0.00e+00 0.00e+00 0.00e+00
  0.00e+00 0.00e+00 1.00e+00 0.00e+00 0.00e+00 0.00e+00 0.00e+00]
 [9.82e+03 8.00e+01 6.00e+00 4.00e+01 8.84e+01 1.00e+00 0.00e+00 1.00e+00
  0.00e+00 0.00e+00 1.00e+00 0.00e+00 0.00e+00 0.00e+00 0.00e+00]
 [9.82e+03 8.00e+01 6.00e+00 4.00e+01 1.46e-01 0.00e+00 0.00e+00 1.00e+00
  0.00e+00 0.00e+00 1.00e+00 0.00e+00 0.00e+00 0.00e+00 0.00e+00]
 [9.82e+03 8.00e+01 6.00e+00 4.00e+01 6.08e+01 0.00e+00 0.00e+00 0.00e+00
  0.00e+00 0.00e+00 1.00e+00 0.00e+00 0.00e+00 0.00e+00 0.00e+00]
 [9.82e+03 8.00e+01 6.00e+00 4.00e+01 6.75e-01 1.00e+00 0.00e+00 0.00e+00
  0.00e+00 0.00e+00 1.00e+00 0.00e+00 0.00e+00 0.00e+00 0.00e+00]][[4.50e+04 8.00e+01 6.00e+00 4.80e+01 0.00e+00 1.00e+00 1.00e+00 0.00e+00
  0.00e+00 0.00e+00 0.00e+00 0.00e+00 0.00e+00 0.00e+00 0.00e+00]
 [4.50e+04 8.00e+01 6.00e+00 4.80e+01 5.67e+01 0.00e+00 1.00e+00 0.00e+00
  0.00e+00 0.00e+00 1.00e+00 0.00e+00 0.00e+00 0.00e+00 0.00e+00]
 [4.50e+04 8.00e+01 6.00e+00 4.80e+01 1.09e+02 1.00e+00 0.00e+00 0.00e+00
  0.00e+00 0.00e+00 1.00e+00 0.00e+00 0.00e+00 0.00e+00 0.00e+00]
 [4.50e+04 8.00e+01 6.00e+00 2.37e+02 2.92e+02 1.00e+00 0.00e+00 0.00e+00
  0.00e+00 1.00e+00 1.00e+00 0.00e+00 0.00e+00 0.00e+00 0.00e+00]
 [4.50e+04 8.00e+01 6.00e+00 5.27e+02 6.36e+01 0.00e+00 0.00e+00 0.00e+00
  0.00e+00 0.00e+00 1.00e+00 0.00e+00 0.00e+00 0.00e+00 0.00e+00]
 [4.50e+04 8.00e+01 6.00e+00 4.00e+01 7.87e+01 1.00e+00 0.00e+00 1.00e+00
  0.00e+00 0.00e+00 1.00e+00 0.00e+00 0.00e+00 0.00e+00 0.00e+00]
 [4.50e+04 8.00e+01 6.00e+00 4.00e+01 8.66e-01 0.00e+00 0.00e+00 1.00e+00
  0.00e+00 0.00e+00 1.00e+00 0.00e+00 0.00e+00 0.00e+00 0.00e+00]
 [4.50e+04 8.00e+01 6.00e+00 4.00e+01 4.33e+01 0.00e+00 0.00e+00 0.00e+00
  0.00e+00 0.00e+00 1.00e+00 0.00e+00 0.00e+00 0.00e+00 0.00e+00]
 [4.50e+04 8.00e+01 6.00e+00 4.00e+01 1.27e+01 1.00e+00 0.00e+00 0.00e+00
  0.00e+00 0.00e+00 1.00e+00 0.00e+00 0.00e+00 0.00e+00 0.00e+00]]