[[2.93e+04 5.14e+02 6.00e+00 4.80e+01 0.00e+00 1.00e+00 1.00e+00 0.00e+00
  0.00e+00 0.00e+00 0.00e+00 0.00e+00 0.00e+00 0.00e+00 0.00e+00]
 [2.93e+04 5.14e+02 6.00e+00 4.80e+01 9.81e+01 0.00e+00 1.00e+00 0.00e+00
  0.00e+00 0.00e+00 1.00e+00 0.00e+00 0.00e+00 0.00e+00 0.00e+00]
 [2.93e+04 5.14e+02 6.00e+00 4.80e+01 9.54e+01 1.00e+00 0.00e+00 0.00e+00
  0.00e+00 0.00e+00 1.00e+00 0.00e+00 0.00e+00 0.00e+00 0.00e+00]
 [2.93e+04 5.14e+02 6.00e+00 1.06e+02 2.13e+02 1.00e+00 0.00e+00 0.00e+00
  0.00e+00 0.00e+00 1.00e+00 0.00e+00 0.00e+00 0.00e+00 0.00e+00]
 [2.93e+04 5.14e+02 6.00e+00 4.00e+01 3.01e+02 0.00e+00 0.00e+00 0.00e+00
  0.00e+00 0.00e+00 1.00e+00 0.00e+00 0.00e+00 0.00e+00 0.00e+00]
 [2.93e+04 5.14e+02 6.00e+00 4.00e+01 4.61e+02 0.00e+00 0.00e+00 1.00e+00
  0.00e+00 0.00e+00 1.00e+00 0.00e+00 0.00e+00 0.00e+00 0.00e+00]
 [2.93e+04 5.14e+02 6.00e+00 4.00e+01 4.61e+01 1.00e+00 0.00e+00 1.00e+00
  0.00e+00 0.00e+00 1.00e+00 0.00e+00 0.00e+00 0.00e+00 0.00e+00]
 [2.93e+04 5.14e+02 6.00e+00 4.00e+01 3.86e+01 1.00e+00 0.00e+00 0.00e+00
  0.00e+00 0.00e+00 1.00e+00 0.00e+00 0.00e+00 0.00e+00 0.00e+00]
 [2.93e+04 5.14e+02 6.00e+00 4.00e+01 3.53e+01 0.00e+00 0.00e+00 0.00e+00
  0.00e+00 0.00e+00 1.00e+00 0.00e+00 0.00e+00 0.00e+00 0.00e+00]][[6.47e+04 4.44e+03 6.00e+00 4.80e+01 0.00e+00 1.00e+00 1.00e+00 0.00e+00
  0.00e+00 0.00e+00 0.00e+00 0.00e+00 0.00e+00 0.00e+00 0.00e+00]
 [6.47e+04 4.44e+03 6.00e+00 4.80e+01 9.14e+01 0.00e+00 1.00e+00 0.00e+00
  0.00e+00 0.00e+00 1.00e+00 0.00e+00 0.00e+00 0.00e+00 0.00e+00]
 [6.47e+04 4.44e+03 6.00e+00 4.80e+01 9.10e+01 1.00e+00 0.00e+00 0.00e+00
  0.00e+00 0.00e+00 1.00e+00 0.00e+00 0.00e+00 0.00e+00 0.00e+00]
 [6.47e+04 4.44e+03 6.00e+00 1.28e+02 3.73e+02 1.00e+00 0.00e+00 0.00e+00
  0.00e+00 0.00e+00 1.00e+00 0.00e+00 0.00e+00 0.00e+00 0.00e+00]
 [6.47e+04 4.44e+03 6.00e+00 4.00e+01 2.86e+02 0.00e+00 0.00e+00 0.00e+00
  0.00e+00 0.00e+00 1.00e+00 0.00e+00 0.00e+00 0.00e+00 0.00e+00]
 [6.47e+04 4.44e+03 6.00e+00 4.00e+01 1.74e+03 0.00e+00 0.00e+00 1.00e+00
  0.00e+00 0.00e+00 1.00e+00 0.00e+00 0.00e+00 0.00e+00 0.00e+00]
 [6.47e+04 4.44e+03 6.00e+00 4.00e+01 1.93e+01 1.00e+00 0.00e+00 1.00e+00
  0.00e+00 0.00e+00 1.00e+00 0.00e+00 0.00e+00 0.00e+00 0.00e+00]
 [6.47e+04 4.44e+03 6.00e+00 4.00e+01 5.63e+01 1.00e+00 0.00e+00 0.00e+00
  0.00e+00 0.00e+00 1.00e+00 0.00e+00 0.00e+00 0.00e+00 0.00e+00]
 [6.47e+04 4.44e+03 6.00e+00 4.00e+01 2.04e+01 0.00e+00 0.00e+00 0.00e+00
  0.00e+00 0.00e+00 1.00e+00 0.00e+00 0.00e+00 0.00e+00 0.00e+00]][[1.88e+04 6.67e+03 6.00e+00 4.80e+01 0.00e+00 1.00e+00 1.00e+00 0.00e+00
  0.00e+00 0.00e+00 0.00e+00 0.00e+00 0.00e+00 0.00e+00 0.00e+00]
 [1.88e+04 6.67e+03 6.00e+00 4.80e+01 7.06e+01 0.00e+00 1.00e+00 0.00e+00
  0.00e+00 0.00e+00 1.00e+00 0.00e+00 0.00e+00 0.00e+00 0.00e+00]
 [1.88e+04 6.67e+03 6.00e+00 4.80e+01 8.58e+01 1.00e+00 0.00e+00 0.00e+00
  0.00e+00 0.00e+00 1.00e+00 0.00e+00 0.00e+00 0.00e+00 0.00e+00]
 [1.88e+04 6.67e+03 6.00e+00 1.24e+02 2.71e+02 0.00e+00 0.00e+00 0.00e+00
  0.00e+00 0.00e+00 1.00e+00 0.00e+00 0.00e+00 0.00e+00 0.00e+00]
 [1.88e+04 6.67e+03 6.00e+00 4.00e+01 1.08e+02 1.00e+00 0.00e+00 1.00e+00
  0.00e+00 0.00e+00 1.00e+00 0.00e+00 0.00e+00 0.00e+00 0.00e+00]
 [1.88e+04 6.67e+03 6.00e+00 4.00e+01 1.78e-01 0.00e+00 0.00e+00 1.00e+00
  0.00e+00 0.00e+00 1.00e+00 0.00e+00 0.00e+00 0.00e+00 0.00e+00]
 [1.88e+04 6.67e+03 6.00e+00 4.00e+01 4.18e+01 0.00e+00 0.00e+00 0.00e+00
  0.00e+00 0.00e+00 1.00e+00 0.00e+00 0.00e+00 0.00e+00 0.00e+00]
 [1.88e+04 6.67e+03 6.00e+00 4.00e+01 6.91e-01 1.00e+00 0.00e+00 0.00e+00
  0.00e+00 0.00e+00 1.00e+00 0.00e+00 0.00e+00 0.00e+00 0.00e+00]][[4.36e+04 8.00e+01 6.00e+00 4.80e+01 0.00e+00 1.00e+00 1.00e+00 0.00e+00
  0.00e+00 0.00e+00 0.00e+00 0.00e+00 0.00e+00 0.00e+00 0.00e+00]
 [4.36e+04 8.00e+01 6.00e+00 4.80e+01 7.80e+01 0.00e+00 1.00e+00 0.00e+00
  0.00e+00 0.00e+00 1.00e+00 0.00e+00 0.00e+00 0.00e+00 0.00e+00]
 [4.36e+04 8.00e+01 6.00e+00 4.80e+01 4.39e+01 1.00e+00 0.00e+00 0.00e+00
  0.00e+00 0.00e+00 1.00e+00 0.00e+00 0.00e+00 0.00e+00 0.00e+00]
 [4.36e+04 8.00e+01 6.00e+00 6.09e+02 3.41e+02 1.00e+00 0.00e+00 0.00e+00
  0.00e+00 0.00e+00 1.00e+00 0.00e+00 0.00e+00 0.00e+00 0.00e+00]
 [4.36e+04 8.00e+01 6.00e+00 4.00e+01 9.43e+01 0.00e+00 0.00e+00 1.00e+00
  0.00e+00 0.00e+00 1.00e+00 0.00e+00 0.00e+00 0.00e+00 0.00e+00]
 [4.36e+04 8.00e+01 6.00e+00 4.00e+01 2.10e+01 1.00e+00 0.00e+00 1.00e+00
  0.00e+00 0.00e+00 1.00e+00 0.00e+00 0.00e+00 0.00e+00 0.00e+00]
 [4.36e+04 8.00e+01 6.00e+00 4.00e+01 2.79e+01 1.00e+00 0.00e+00 0.00e+00
  0.00e+00 0.00e+00 1.00e+00 0.00e+00 0.00e+00 0.00e+00 0.00e+00]
 [4.36e+04 8.00e+01 6.00e+00 4.00e+01 2.38e+01 0.00e+00 0.00e+00 0.00e+00
  0.00e+00 0.00e+00 1.00e+00 0.00e+00 0.00e+00 0.00e+00 0.00e+00]][[3.79e+03 2.14e+03 1.70e+01 3.00e+01 0.00e+00 1.00e+00 0.00e+00 0.00e+00
  0.00e+00 0.00e+00 0.00e+00 0.00e+00 0.00e+00 0.00e+00 0.00e+00]
 [3.79e+03 2.14e+03 1.70e+01 6.10e+01 1.52e+02 0.00e+00 0.00e+00 0.00e+00
  0.00e+00 0.00e+00 0.00e+00 0.00e+00 0.00e+00 0.00e+00 0.00e+00]][[1.39e+04 8.00e+01 6.00e+00 4.80e+01 0.00e+00 1.00e+00 1.00e+00 0.00e+00
  0.00e+00 0.00e+00 0.00e+00 0.00e+00 0.00e+00 0.00e+00 0.00e+00]
 [1.39e+04 8.00e+01 6.00e+00 4.80e+01 5.92e+01 0.00e+00 1.00e+00 0.00e+00
  0.00e+00 0.00e+00 1.00e+00 0.00e+00 0.00e+00 0.00e+00 0.00e+00]
 [1.39e+04 8.00e+01 6.00e+00 4.80e+01 1.39e+02 1.00e+00 0.00e+00 0.00e+00
  0.00e+00 0.00e+00 1.00e+00 0.00e+00 0.00e+00 0.00e+00 0.00e+00]
 [1.39e+04 8.00e+01 6.00e+00 3.25e+02 1.83e+02 1.00e+00 0.00e+00 0.00e+00
  0.00e+00 0.00e+00 1.00e+00 0.00e+00 0.00e+00 0.00e+00 0.00e+00]
 [1.39e+04 8.00e+01 6.00e+00 4.00e+01 2.60e+02 0.00e+00 0.00e+00 1.00e+00
  0.00e+00 0.00e+00 1.00e+00 0.00e+00 0.00e+00 0.00e+00 0.00e+00]
 [1.39e+04 8.00e+01 6.00e+00 4.00e+01 3.11e+01 1.00e+00 0.00e+00 1.00e+00
  0.00e+00 0.00e+00 1.00e+00 0.00e+00 0.00e+00 0.00e+00 0.00e+00]
 [1.39e+04 8.00e+01 6.00e+00 4.00e+01 4.52e+01 1.00e+00 0.00e+00 0.00e+00
  0.00e+00 0.00e+00 1.00e+00 0.00e+00 0.00e+00 0.00e+00 0.00e+00]
 [1.39e+04 8.00e+01 6.00e+00 4.00e+01 2.94e+01 0.00e+00 0.00e+00 0.00e+00
  0.00e+00 0.00e+00 1.00e+00 0.00e+00 0.00e+00 0.00e+00 0.00e+00]][[3.46e+04 2.63e+04 6.00e+00 4.80e+01 0.00e+00 1.00e+00 1.00e+00 0.00e+00
  0.00e+00 0.00e+00 0.00e+00 0.00e+00 0.00e+00 0.00e+00 0.00e+00]
 [3.46e+04 2.63e+04 6.00e+00 4.80e+01 9.20e+01 0.00e+00 1.00e+00 0.00e+00
  0.00e+00 0.00e+00 1.00e+00 0.00e+00 0.00e+00 0.00e+00 0.00e+00]
 [3.46e+04 2.63e+04 6.00e+00 4.80e+01 8.39e+01 1.00e+00 0.00e+00 0.00e+00
  0.00e+00 0.00e+00 1.00e+00 0.00e+00 0.00e+00 0.00e+00 0.00e+00]
 [3.46e+04 2.63e+04 6.00e+00 9.20e+01 4.02e+01 1.00e+00 0.00e+00 0.00e+00
  0.00e+00 0.00e+00 1.00e+00 0.00e+00 0.00e+00 0.00e+00 0.00e+00]
 [3.46e+04 2.63e+04 6.00e+00 5.70e+01 1.05e+02 0.00e+00 0.00e+00 0.00e+00
  0.00e+00 0.00e+00 1.00e+00 0.00e+00 0.00e+00 0.00e+00 0.00e+00]
 [3.46e+04 2.63e+04 6.00e+00 4.00e+01 1.21e+02 1.00e+00 0.00e+00 1.00e+00
  0.00e+00 0.00e+00 1.00e+00 0.00e+00 0.00e+00 0.00e+00 0.00e+00]
 [3.46e+04 2.63e+04 6.00e+00 4.00e+01 8.56e-01 0.00e+00 0.00e+00 1.00e+00
  0.00e+00 0.00e+00 1.00e+00 0.00e+00 0.00e+00 0.00e+00 0.00e+00]
 [3.46e+04 2.63e+04 6.00e+00 4.00e+01 1.96e+02 0.00e+00 0.00e+00 0.00e+00
  0.00e+00 0.00e+00 1.00e+00 0.00e+00 0.00e+00 0.00e+00 0.00e+00]
 [3.46e+04 2.63e+04 6.00e+00 4.00e+01 7.19e-01 1.00e+00 0.00e+00 0.00e+00
  0.00e+00 0.00e+00 1.00e+00 0.00e+00 0.00e+00 0.00e+00 0.00e+00]][[2.57e+04 8.00e+01 6.00e+00 4.80e+01 0.00e+00 1.00e+00 1.00e+00 0.00e+00
  0.00e+00 0.00e+00 0.00e+00 0.00e+00 0.00e+00 0.00e+00 0.00e+00]
 [2.57e+04 8.00e+01 6.00e+00 4.80e+01 5.84e+00 0.00e+00 1.00e+00 0.00e+00
  0.00e+00 0.00e+00 1.00e+00 0.00e+00 0.00e+00 0.00e+00 0.00e+00]
 [2.57e+04 8.00e+01 6.00e+00 4.80e+01 4.38e+01 1.00e+00 0.00e+00 0.00e+00
  0.00e+00 0.00e+00 1.00e+00 0.00e+00 0.00e+00 0.00e+00 0.00e+00]
 [2.57e+04 8.00e+01 6.00e+00 3.11e+02 6.33e+01 1.00e+00 0.00e+00 0.00e+00
  0.00e+00 0.00e+00 1.00e+00 0.00e+00 0.00e+00 0.00e+00 0.00e+00]
 [2.57e+04 8.00e+01 6.00e+00 1.50e+03 5.59e+01 0.00e+00 0.00e+00 0.00e+00
  0.00e+00 0.00e+00 1.00e+00 0.00e+00 0.00e+00 0.00e+00 0.00e+00]
 [2.57e+04 8.00e+01 6.00e+00 1.50e+03 3.30e-02 0.00e+00 0.00e+00 0.00e+00
  0.00e+00 0.00e+00 1.00e+00 0.00e+00 0.00e+00 0.00e+00 0.00e+00]
 [2.57e+04 8.00e+01 6.00e+00 1.50e+03 1.77e+00 0.00e+00 0.00e+00 0.00e+00
  0.00e+00 0.00e+00 1.00e+00 0.00e+00 0.00e+00 0.00e+00 0.00e+00]
 [2.57e+04 8.00e+01 6.00e+00 1.50e+03 2.06e-01 0.00e+00 0.00e+00 0.00e+00
  0.00e+00 0.00e+00 1.00e+00 0.00e+00 0.00e+00 0.00e+00 0.00e+00]
 [2.57e+04 8.00e+01 6.00e+00 7.46e+02 9.00e-03 0.00e+00 0.00e+00 0.00e+00
  0.00e+00 0.00e+00 1.00e+00 0.00e+00 0.00e+00 0.00e+00 0.00e+00]
 [2.57e+04 8.00e+01 6.00e+00 4.40e+02 1.63e+01 1.00e+00 0.00e+00 0.00e+00
  0.00e+00 0.00e+00 1.00e+00 0.00e+00 0.00e+00 0.00e+00 0.00e+00]
 [2.57e+04 8.00e+01 6.00e+00 4.00e+01 5.00e+01 0.00e+00 0.00e+00 1.00e+00
  0.00e+00 0.00e+00 1.00e+00 0.00e+00 0.00e+00 0.00e+00 0.00e+00]
 [2.57e+04 8.00e+01 6.00e+00 4.00e+01 2.93e+00 1.00e+00 0.00e+00 1.00e+00
  0.00e+00 0.00e+00 1.00e+00 0.00e+00 0.00e+00 0.00e+00 0.00e+00]
 [2.57e+04 8.00e+01 6.00e+00 4.00e+01 1.41e+01 1.00e+00 0.00e+00 0.00e+00
  0.00e+00 0.00e+00 1.00e+00 0.00e+00 0.00e+00 0.00e+00 0.00e+00]
 [2.57e+04 8.00e+01 6.00e+00 4.00e+01 1.69e+01 0.00e+00 0.00e+00 0.00e+00
  0.00e+00 0.00e+00 1.00e+00 0.00e+00 0.00e+00 0.00e+00 0.00e+00]][[6.45e+04 6.97e+03 6.00e+00 4.80e+01 0.00e+00 1.00e+00 1.00e+00 0.00e+00
  0.00e+00 0.00e+00 0.00e+00 0.00e+00 0.00e+00 0.00e+00 0.00e+00]
 [6.45e+04 6.97e+03 6.00e+00 4.80e+01 7.79e+00 0.00e+00 1.00e+00 0.00e+00
  0.00e+00 0.00e+00 1.00e+00 0.00e+00 0.00e+00 0.00e+00 0.00e+00]
 [6.45e+04 6.97e+03 6.00e+00 4.80e+01 4.48e+01 1.00e+00 0.00e+00 0.00e+00
  0.00e+00 0.00e+00 1.00e+00 0.00e+00 0.00e+00 0.00e+00 0.00e+00]
 [6.45e+04 6.97e+03 6.00e+00 7.50e+01 6.07e+01 0.00e+00 0.00e+00 0.00e+00
  0.00e+00 0.00e+00 1.00e+00 0.00e+00 0.00e+00 0.00e+00 0.00e+00]
 [6.45e+04 6.97e+03 6.00e+00 4.00e+01 4.84e+01 1.00e+00 0.00e+00 1.00e+00
  0.00e+00 0.00e+00 1.00e+00 0.00e+00 0.00e+00 0.00e+00 0.00e+00]
 [6.45e+04 6.97e+03 6.00e+00 4.00e+01 1.06e+00 0.00e+00 0.00e+00 1.00e+00
  0.00e+00 0.00e+00 1.00e+00 0.00e+00 0.00e+00 0.00e+00 0.00e+00]
 [6.45e+04 6.97e+03 6.00e+00 4.00e+01 4.71e+00 0.00e+00 0.00e+00 0.00e+00
  0.00e+00 0.00e+00 1.00e+00 0.00e+00 0.00e+00 0.00e+00 0.00e+00]
 [6.45e+04 6.97e+03 6.00e+00 4.00e+01 1.20e+01 1.00e+00 0.00e+00 0.00e+00
  0.00e+00 0.00e+00 1.00e+00 0.00e+00 0.00e+00 0.00e+00 0.00e+00]][[2.38e+04 2.14e+03 1.70e+01 3.00e+01 0.00e+00 1.00e+00 0.00e+00 0.00e+00
  0.00e+00 0.00e+00 0.00e+00 0.00e+00 0.00e+00 0.00e+00 0.00e+00]
 [2.38e+04 2.14e+03 1.70e+01 6.10e+01 1.41e+01 0.00e+00 0.00e+00 0.00e+00
  0.00e+00 0.00e+00 0.00e+00 0.00e+00 0.00e+00 0.00e+00 0.00e+00]]