[[  0. 769.   1. ...   0.   0.   0.]
 [  0. 769.   1. ...   0.   0.   0.]
 [  0. 769.   1. ...   0.   0.   0.]
 ...
 [  0. 769.   1. ...   0.   0.   0.]
 [  0. 769.   1. ...   0.   0.   0.]
 [  0. 769.   1. ...   0.   0.   0.]][[3.59e+03 5.30e+01 1.70e+01 6.60e+01 0.00e+00 1.00e+00 0.00e+00 0.00e+00
  0.00e+00 0.00e+00 0.00e+00 0.00e+00 0.00e+00 0.00e+00 0.00e+00]
 [3.59e+03 5.30e+01 1.70e+01 8.20e+01 1.19e+00 0.00e+00 0.00e+00 0.00e+00
  0.00e+00 0.00e+00 0.00e+00 0.00e+00 0.00e+00 0.00e+00 0.00e+00]][[4.97e+04 5.30e+01 1.70e+01 7.30e+01 0.00e+00 1.00e+00 0.00e+00 0.00e+00
  0.00e+00 0.00e+00 0.00e+00 0.00e+00 0.00e+00 0.00e+00 0.00e+00]
 [4.97e+04 5.30e+01 1.70e+01 8.90e+01 1.17e+00 0.00e+00 0.00e+00 0.00e+00
  0.00e+00 0.00e+00 0.00e+00 0.00e+00 0.00e+00 0.00e+00 0.00e+00]][[6.64e+03 8.00e+01 6.00e+00 5.60e+01 0.00e+00 1.00e+00 1.00e+00 0.00e+00
  0.00e+00 0.00e+00 0.00e+00 0.00e+00 0.00e+00 0.00e+00 0.00e+00]
 [6.64e+03 8.00e+01 6.00e+00 5.60e+01 6.13e-01 0.00e+00 1.00e+00 0.00e+00
  0.00e+00 0.00e+00 1.00e+00 0.00e+00 0.00e+00 0.00e+00 0.00e+00]
 [6.64e+03 8.00e+01 6.00e+00 5.20e+01 1.79e-01 1.00e+00 0.00e+00 0.00e+00
  0.00e+00 0.00e+00 1.00e+00 0.00e+00 0.00e+00 0.00e+00 0.00e+00]
 [6.64e+03 8.00e+01 6.00e+00 3.66e+02 2.93e+04 1.00e+00 0.00e+00 0.00e+00
  0.00e+00 1.00e+00 1.00e+00 0.00e+00 0.00e+00 0.00e+00 0.00e+00]
 [6.64e+03 8.00e+01 6.00e+00 5.20e+01 3.32e+00 0.00e+00 0.00e+00 0.00e+00
  0.00e+00 0.00e+00 1.00e+00 0.00e+00 0.00e+00 0.00e+00 0.00e+00]
 [6.64e+03 8.00e+01 6.00e+00 2.00e+02 5.21e-01 0.00e+00 0.00e+00 0.00e+00
  0.00e+00 1.00e+00 1.00e+00 0.00e+00 0.00e+00 0.00e+00 0.00e+00]
 [6.64e+03 8.00e+01 6.00e+00 5.20e+01 2.47e+00 0.00e+00 0.00e+00 1.00e+00
  0.00e+00 0.00e+00 1.00e+00 0.00e+00 0.00e+00 0.00e+00 0.00e+00]
 [6.64e+03 8.00e+01 6.00e+00 5.20e+01 1.77e-01 1.00e+00 0.00e+00 1.00e+00
  0.00e+00 0.00e+00 1.00e+00 0.00e+00 0.00e+00 0.00e+00 0.00e+00]
 [6.64e+03 8.00e+01 6.00e+00 5.20e+01 6.26e-01 0.00e+00 0.00e+00 0.00e+00
  0.00e+00 0.00e+00 1.00e+00 0.00e+00 0.00e+00 0.00e+00 0.00e+00]][[4.26e+04 2.50e+01 6.00e+00 5.60e+01 0.00e+00 1.00e+00 1.00e+00 0.00e+00
  0.00e+00 0.00e+00 0.00e+00 0.00e+00 0.00e+00 0.00e+00 0.00e+00]
 [4.26e+04 2.50e+01 6.00e+00 5.60e+01 6.12e-01 0.00e+00 1.00e+00 0.00e+00
  0.00e+00 0.00e+00 1.00e+00 0.00e+00 0.00e+00 0.00e+00 0.00e+00]
 [4.26e+04 2.50e+01 6.00e+00 5.20e+01 1.76e-01 1.00e+00 0.00e+00 0.00e+00
  0.00e+00 0.00e+00 1.00e+00 0.00e+00 0.00e+00 0.00e+00 0.00e+00]
 [4.26e+04 2.50e+01 6.00e+00 1.38e+02 2.90e+04 0.00e+00 0.00e+00 0.00e+00
  0.00e+00 1.00e+00 1.00e+00 0.00e+00 0.00e+00 0.00e+00 0.00e+00]
 [4.26e+04 2.50e+01 6.00e+00 5.20e+01 1.11e+01 1.00e+00 0.00e+00 0.00e+00
  0.00e+00 0.00e+00 1.00e+00 0.00e+00 0.00e+00 0.00e+00 0.00e+00]
 [4.26e+04 2.50e+01 6.00e+00 8.60e+01 1.40e+01 1.00e+00 0.00e+00 0.00e+00
  0.00e+00 1.00e+00 1.00e+00 0.00e+00 0.00e+00 0.00e+00 0.00e+00]
 [4.26e+04 2.50e+01 6.00e+00 5.20e+01 7.19e+00 0.00e+00 0.00e+00 0.00e+00
  0.00e+00 0.00e+00 1.00e+00 0.00e+00 0.00e+00 0.00e+00 0.00e+00]
 [4.26e+04 2.50e+01 6.00e+00 3.39e+02 2.13e+01 0.00e+00 0.00e+00 0.00e+00
  0.00e+00 1.00e+00 1.00e+00 0.00e+00 0.00e+00 0.00e+00 0.00e+00]
 [4.26e+04 2.50e+01 6.00e+00 5.20e+01 2.51e+00 1.00e+00 0.00e+00 0.00e+00
  0.00e+00 0.00e+00 1.00e+00 0.00e+00 0.00e+00 0.00e+00 0.00e+00]
 [4.26e+04 2.50e+01 6.00e+00 8.50e+01 2.60e+01 1.00e+00 0.00e+00 0.00e+00
  0.00e+00 1.00e+00 1.00e+00 0.00e+00 0.00e+00 0.00e+00 0.00e+00]
 [4.26e+04 2.50e+01 6.00e+00 5.20e+01 6.38e-01 0.00e+00 0.00e+00 0.00e+00
  0.00e+00 0.00e+00 1.00e+00 0.00e+00 0.00e+00 0.00e+00 0.00e+00]
 [4.26e+04 2.50e+01 6.00e+00 9.70e+01 9.98e+01 0.00e+00 0.00e+00 0.00e+00
  0.00e+00 1.00e+00 1.00e+00 0.00e+00 0.00e+00 0.00e+00 0.00e+00]
 [4.26e+04 2.50e+01 6.00e+00 5.20e+01 6.58e-01 1.00e+00 0.00e+00 0.00e+00
  0.00e+00 0.00e+00 1.00e+00 0.00e+00 0.00e+00 0.00e+00 0.00e+00]
 [4.26e+04 2.50e+01 6.00e+00 8.60e+01 6.53e+02 1.00e+00 0.00e+00 0.00e+00
  0.00e+00 1.00e+00 1.00e+00 0.00e+00 0.00e+00 0.00e+00 0.00e+00]
 [4.26e+04 2.50e+01 6.00e+00 5.20e+01 1.23e+02 0.00e+00 0.00e+00 0.00e+00
  0.00e+00 0.00e+00 1.00e+00 0.00e+00 0.00e+00 0.00e+00 0.00e+00]
 [4.26e+04 2.50e+01 6.00e+00 8.70e+01 1.71e+01 0.00e+00 0.00e+00 0.00e+00
  0.00e+00 1.00e+00 1.00e+00 0.00e+00 0.00e+00 0.00e+00 0.00e+00]
 [4.26e+04 2.50e+01 6.00e+00 5.20e+01 1.88e+02 1.00e+00 0.00e+00 0.00e+00
  0.00e+00 0.00e+00 1.00e+00 0.00e+00 0.00e+00 0.00e+00 0.00e+00]
 [4.26e+04 2.50e+01 6.00e+00 5.80e+01 7.99e+00 1.00e+00 0.00e+00 0.00e+00
  0.00e+00 1.00e+00 1.00e+00 0.00e+00 0.00e+00 0.00e+00 0.00e+00]
 [4.26e+04 2.50e+01 6.00e+00 5.20e+01 7.62e+01 0.00e+00 0.00e+00 0.00e+00
  0.00e+00 0.00e+00 1.00e+00 0.00e+00 0.00e+00 0.00e+00 0.00e+00]
 [4.26e+04 2.50e+01 6.00e+00 9.80e+01 1.11e+01 0.00e+00 0.00e+00 0.00e+00
  0.00e+00 1.00e+00 1.00e+00 0.00e+00 0.00e+00 0.00e+00 0.00e+00]
 [4.26e+04 2.50e+01 6.00e+00 5.20e+01 4.74e+00 1.00e+00 0.00e+00 0.00e+00
  0.00e+00 0.00e+00 1.00e+00 0.00e+00 0.00e+00 0.00e+00 0.00e+00]
 [4.26e+04 2.50e+01 6.00e+00 1.50e+03 1.45e+03 1.00e+00 0.00e+00 0.00e+00
  0.00e+00 0.00e+00 1.00e+00 0.00e+00 0.00e+00 0.00e+00 0.00e+00]
 [4.26e+04 2.50e+01 6.00e+00 1.50e+03 8.06e+00 1.00e+00 0.00e+00 0.00e+00
  0.00e+00 1.00e+00 1.00e+00 0.00e+00 0.00e+00 0.00e+00 0.00e+00]
 [4.26e+04 2.50e+01 6.00e+00 5.20e+01 7.90e-01 0.00e+00 0.00e+00 0.00e+00
  0.00e+00 0.00e+00 1.00e+00 0.00e+00 0.00e+00 0.00e+00 0.00e+00]
 [4.26e+04 2.50e+01 6.00e+00 1.50e+03 2.27e+02 1.00e+00 0.00e+00 0.00e+00
  0.00e+00 0.00e+00 1.00e+00 0.00e+00 0.00e+00 0.00e+00 0.00e+00]
 [4.26e+04 2.50e+01 6.00e+00 1.50e+03 3.03e+00 1.00e+00 0.00e+00 0.00e+00
  0.00e+00 1.00e+00 1.00e+00 0.00e+00 0.00e+00 0.00e+00 0.00e+00]
 [4.26e+04 2.50e+01 6.00e+00 5.20e+01 8.15e-01 0.00e+00 0.00e+00 0.00e+00
  0.00e+00 0.00e+00 1.00e+00 0.00e+00 0.00e+00 0.00e+00 0.00e+00]
 [4.26e+04 2.50e+01 6.00e+00 1.50e+03 1.46e+02 1.00e+00 0.00e+00 0.00e+00
  0.00e+00 0.00e+00 1.00e+00 0.00e+00 0.00e+00 0.00e+00 0.00e+00]
 [4.26e+04 2.50e+01 6.00e+00 1.50e+03 1.96e+00 1.00e+00 0.00e+00 0.00e+00
  0.00e+00 1.00e+00 1.00e+00 0.00e+00 0.00e+00 0.00e+00 0.00e+00]
 [4.26e+04 2.50e+01 6.00e+00 5.20e+01 1.20e+00 0.00e+00 0.00e+00 0.00e+00
  0.00e+00 0.00e+00 1.00e+00 0.00e+00 0.00e+00 0.00e+00 0.00e+00]
 [4.26e+04 2.50e+01 6.00e+00 1.50e+03 3.79e+02 1.00e+00 0.00e+00 0.00e+00
  0.00e+00 0.00e+00 1.00e+00 0.00e+00 0.00e+00 0.00e+00 0.00e+00]
 [4.26e+04 2.50e+01 6.00e+00 1.50e+03 3.94e+00 1.00e+00 0.00e+00 0.00e+00
  0.00e+00 1.00e+00 1.00e+00 0.00e+00 0.00e+00 0.00e+00 0.00e+00]
 [4.26e+04 2.50e+01 6.00e+00 5.20e+01 7.97e-01 0.00e+00 0.00e+00 0.00e+00
  0.00e+00 0.00e+00 1.00e+00 0.00e+00 0.00e+00 0.00e+00 0.00e+00]
 [4.26e+04 2.50e+01 6.00e+00 1.50e+03 1.54e+02 1.00e+00 0.00e+00 0.00e+00
  0.00e+00 0.00e+00 1.00e+00 0.00e+00 0.00e+00 0.00e+00 0.00e+00]
 [4.26e+04 2.50e+01 6.00e+00 1.50e+03 5.99e+00 1.00e+00 0.00e+00 0.00e+00
  0.00e+00 1.00e+00 1.00e+00 0.00e+00 0.00e+00 0.00e+00 0.00e+00]
 [4.26e+04 2.50e+01 6.00e+00 1.50e+03 3.81e+02 1.00e+00 0.00e+00 0.00e+00
  0.00e+00 0.00e+00 1.00e+00 0.00e+00 0.00e+00 0.00e+00 0.00e+00]
 [4.26e+04 2.50e+01 6.00e+00 1.33e+03 2.98e+00 1.00e+00 0.00e+00 0.00e+00
  0.00e+00 1.00e+00 1.00e+00 0.00e+00 0.00e+00 0.00e+00 0.00e+00]
 [4.26e+04 2.50e+01 6.00e+00 5.20e+01 9.50e-02 0.00e+00 0.00e+00 0.00e+00
  0.00e+00 0.00e+00 1.00e+00 0.00e+00 0.00e+00 0.00e+00 0.00e+00]
 [4.26e+04 2.50e+01 6.00e+00 5.20e+01 1.10e+00 0.00e+00 0.00e+00 0.00e+00
  0.00e+00 0.00e+00 1.00e+00 0.00e+00 0.00e+00 0.00e+00 0.00e+00]
 [4.26e+04 2.50e+01 6.00e+00 9.80e+01 1.41e+02 0.00e+00 0.00e+00 0.00e+00
  0.00e+00 1.00e+00 1.00e+00 0.00e+00 0.00e+00 0.00e+00 0.00e+00]
 [4.26e+04 2.50e+01 6.00e+00 5.20e+01 3.81e+00 1.00e+00 0.00e+00 0.00e+00
  0.00e+00 0.00e+00 1.00e+00 0.00e+00 0.00e+00 0.00e+00 0.00e+00]
 [4.26e+04 2.50e+01 6.00e+00 5.80e+01 4.67e+02 1.00e+00 0.00e+00 0.00e+00
  0.00e+00 1.00e+00 1.00e+00 0.00e+00 0.00e+00 0.00e+00 0.00e+00]
 [4.26e+04 2.50e+01 6.00e+00 5.20e+01 5.53e-01 0.00e+00 0.00e+00 0.00e+00
  0.00e+00 0.00e+00 1.00e+00 0.00e+00 0.00e+00 0.00e+00 0.00e+00]
 [4.26e+04 2.50e+01 6.00e+00 1.01e+02 3.82e+02 0.00e+00 0.00e+00 0.00e+00
  0.00e+00 1.00e+00 1.00e+00 0.00e+00 0.00e+00 0.00e+00 0.00e+00]
 [4.26e+04 2.50e+01 6.00e+00 5.20e+01 3.23e-01 0.00e+00 0.00e+00 1.00e+00
  0.00e+00 0.00e+00 1.00e+00 0.00e+00 0.00e+00 0.00e+00 0.00e+00]
 [4.26e+04 2.50e+01 6.00e+00 5.20e+01 1.46e-01 1.00e+00 0.00e+00 1.00e+00
  0.00e+00 0.00e+00 1.00e+00 0.00e+00 0.00e+00 0.00e+00 0.00e+00]
 [4.26e+04 2.50e+01 6.00e+00 5.20e+01 3.61e-01 0.00e+00 0.00e+00 0.00e+00
  0.00e+00 0.00e+00 1.00e+00 0.00e+00 0.00e+00 0.00e+00 0.00e+00]][[1.46e+03 5.30e+01 1.70e+01 7.30e+01 0.00e+00 1.00e+00 0.00e+00 0.00e+00
  0.00e+00 0.00e+00 0.00e+00 0.00e+00 0.00e+00 0.00e+00 0.00e+00]
 [1.46e+03 5.30e+01 1.70e+01 8.90e+01 1.11e+00 0.00e+00 0.00e+00 0.00e+00
  0.00e+00 0.00e+00 0.00e+00 0.00e+00 0.00e+00 0.00e+00 0.00e+00]][[4.86e+04 8.00e+01 6.00e+00 5.60e+01 0.00e+00 1.00e+00 1.00e+00 0.00e+00
  0.00e+00 0.00e+00 0.00e+00 0.00e+00 0.00e+00 0.00e+00 0.00e+00]
 [4.86e+04 8.00e+01 6.00e+00 5.60e+01 5.77e-01 0.00e+00 1.00e+00 0.00e+00
  0.00e+00 0.00e+00 1.00e+00 0.00e+00 0.00e+00 0.00e+00 0.00e+00]
 [4.86e+04 8.00e+01 6.00e+00 5.20e+01 1.50e-01 1.00e+00 0.00e+00 0.00e+00
  0.00e+00 0.00e+00 1.00e+00 0.00e+00 0.00e+00 0.00e+00 0.00e+00]
 [4.86e+04 8.00e+01 6.00e+00 2.85e+02 2.89e+04 1.00e+00 0.00e+00 0.00e+00
  0.00e+00 1.00e+00 1.00e+00 0.00e+00 0.00e+00 0.00e+00 0.00e+00]
 [4.86e+04 8.00e+01 6.00e+00 5.20e+01 1.21e+02 0.00e+00 0.00e+00 0.00e+00
  0.00e+00 0.00e+00 1.00e+00 0.00e+00 0.00e+00 0.00e+00 0.00e+00]
 [4.86e+04 8.00e+01 6.00e+00 1.50e+03 2.66e+03 0.00e+00 0.00e+00 0.00e+00
  0.00e+00 0.00e+00 1.00e+00 0.00e+00 0.00e+00 0.00e+00 0.00e+00]
 [4.86e+04 8.00e+01 6.00e+00 1.50e+03 3.58e-01 0.00e+00 0.00e+00 0.00e+00
  0.00e+00 1.00e+00 1.00e+00 0.00e+00 0.00e+00 0.00e+00 0.00e+00]
 [4.86e+04 8.00e+01 6.00e+00 5.20e+01 1.97e-01 1.00e+00 0.00e+00 0.00e+00
  0.00e+00 0.00e+00 1.00e+00 0.00e+00 0.00e+00 0.00e+00 0.00e+00]
 [4.86e+04 8.00e+01 6.00e+00 1.34e+03 1.56e+03 0.00e+00 0.00e+00 0.00e+00
  0.00e+00 1.00e+00 1.00e+00 0.00e+00 0.00e+00 0.00e+00 0.00e+00]
 [4.86e+04 8.00e+01 6.00e+00 5.20e+01 4.03e-01 1.00e+00 0.00e+00 0.00e+00
  0.00e+00 0.00e+00 1.00e+00 0.00e+00 0.00e+00 0.00e+00 0.00e+00]
 [4.86e+04 8.00e+01 6.00e+00 2.93e+02 9.99e+02 1.00e+00 0.00e+00 0.00e+00
  0.00e+00 1.00e+00 1.00e+00 0.00e+00 0.00e+00 0.00e+00 0.00e+00]
 [4.86e+04 8.00e+01 6.00e+00 5.20e+01 8.63e-01 0.00e+00 0.00e+00 0.00e+00
  0.00e+00 0.00e+00 1.00e+00 0.00e+00 0.00e+00 0.00e+00 0.00e+00]
 [4.86e+04 8.00e+01 6.00e+00 4.80e+02 5.49e-01 0.00e+00 0.00e+00 0.00e+00
  0.00e+00 1.00e+00 1.00e+00 0.00e+00 0.00e+00 0.00e+00 0.00e+00]
 [4.86e+04 8.00e+01 6.00e+00 5.20e+01 3.38e-01 0.00e+00 0.00e+00 1.00e+00
  0.00e+00 0.00e+00 1.00e+00 0.00e+00 0.00e+00 0.00e+00 0.00e+00]
 [4.86e+04 8.00e+01 6.00e+00 5.20e+01 1.42e-01 1.00e+00 0.00e+00 1.00e+00
  0.00e+00 0.00e+00 1.00e+00 0.00e+00 0.00e+00 0.00e+00 0.00e+00]
 [4.86e+04 8.00e+01 6.00e+00 5.20e+01 3.62e-01 0.00e+00 0.00e+00 0.00e+00
  0.00e+00 0.00e+00 1.00e+00 0.00e+00 0.00e+00 0.00e+00 0.00e+00]][[3.21e+04 1.11e+02 1.70e+01 1.42e+02 0.00e+00 1.00e+00 0.00e+00 0.00e+00
  0.00e+00 0.00e+00 0.00e+00 0.00e+00 0.00e+00 0.00e+00 0.00e+00]
 [3.21e+04 1.11e+02 1.70e+01 8.00e+01 5.39e+00 0.00e+00 0.00e+00 0.00e+00
  0.00e+00 0.00e+00 0.00e+00 0.00e+00 0.00e+00 0.00e+00 0.00e+00]
 [3.21e+04 1.11e+02 1.70e+01 1.42e+02 5.76e+01 1.00e+00 0.00e+00 0.00e+00
  0.00e+00 0.00e+00 0.00e+00 0.00e+00 0.00e+00 0.00e+00 0.00e+00]
 [3.21e+04 1.11e+02 1.70e+01 7.60e+01 1.53e+01 0.00e+00 0.00e+00 0.00e+00
  0.00e+00 0.00e+00 0.00e+00 0.00e+00 0.00e+00 0.00e+00 0.00e+00]][[3.37e+04 1.02e+03 1.70e+01 1.16e+02 0.00e+00 1.00e+00 0.00e+00 0.00e+00
  0.00e+00 0.00e+00 0.00e+00 0.00e+00 0.00e+00 0.00e+00 0.00e+00]
 [3.37e+04 1.02e+03 1.70e+01 5.20e+01 1.34e+01 0.00e+00 0.00e+00 0.00e+00
  0.00e+00 0.00e+00 0.00e+00 0.00e+00 0.00e+00 0.00e+00 0.00e+00]
 [3.37e+04 1.02e+03 1.70e+01 1.48e+02 7.56e+00 1.00e+00 0.00e+00 0.00e+00
  0.00e+00 0.00e+00 0.00e+00 0.00e+00 0.00e+00 0.00e+00 0.00e+00]
 [3.37e+04 1.02e+03 1.70e+01 1.00e+02 1.51e+01 0.00e+00 0.00e+00 0.00e+00
  0.00e+00 0.00e+00 0.00e+00 0.00e+00 0.00e+00 0.00e+00 0.00e+00]][[2.11e+03 5.29e+04 6.00e+00 5.60e+01 0.00e+00 1.00e+00 1.00e+00 0.00e+00
  0.00e+00 0.00e+00 0.00e+00 0.00e+00 0.00e+00 0.00e+00 0.00e+00]
 [2.11e+03 5.29e+04 6.00e+00 5.60e+01 5.65e-01 0.00e+00 1.00e+00 0.00e+00
  0.00e+00 0.00e+00 1.00e+00 0.00e+00 0.00e+00 0.00e+00 0.00e+00]
 [2.11e+03 5.29e+04 6.00e+00 5.20e+01 1.44e-01 1.00e+00 0.00e+00 0.00e+00
  0.00e+00 0.00e+00 1.00e+00 0.00e+00 0.00e+00 0.00e+00 0.00e+00]
 [2.11e+03 5.29e+04 6.00e+00 1.40e+02 2.87e+04 1.00e+00 0.00e+00 0.00e+00
  0.00e+00 1.00e+00 1.00e+00 0.00e+00 0.00e+00 0.00e+00 0.00e+00]
 [2.11e+03 5.29e+04 6.00e+00 8.00e+01 2.21e+01 0.00e+00 0.00e+00 0.00e+00
  0.00e+00 1.00e+00 1.00e+00 0.00e+00 0.00e+00 0.00e+00 0.00e+00]
 [2.11e+03 5.29e+04 6.00e+00 1.76e+02 6.96e+00 1.00e+00 0.00e+00 0.00e+00
  0.00e+00 1.00e+00 1.00e+00 0.00e+00 0.00e+00 0.00e+00 0.00e+00]
 [2.11e+03 5.29e+04 6.00e+00 5.20e+01 9.71e+01 0.00e+00 0.00e+00 0.00e+00
  0.00e+00 0.00e+00 1.00e+00 0.00e+00 0.00e+00 0.00e+00 0.00e+00]
 [2.11e+03 5.29e+04 6.00e+00 1.68e+02 1.08e+03 0.00e+00 0.00e+00 0.00e+00
  0.00e+00 1.00e+00 1.00e+00 0.00e+00 0.00e+00 0.00e+00 0.00e+00]
 [2.11e+03 5.29e+04 6.00e+00 5.20e+01 2.11e-01 1.00e+00 0.00e+00 0.00e+00
  0.00e+00 0.00e+00 1.00e+00 0.00e+00 0.00e+00 0.00e+00 0.00e+00]
 [2.11e+03 5.29e+04 6.00e+00 1.76e+02 1.86e+03 1.00e+00 0.00e+00 0.00e+00
  0.00e+00 1.00e+00 1.00e+00 0.00e+00 0.00e+00 0.00e+00 0.00e+00]
 [2.11e+03 5.29e+04 6.00e+00 5.20e+01 3.74e-01 0.00e+00 0.00e+00 0.00e+00
  0.00e+00 0.00e+00 1.00e+00 0.00e+00 0.00e+00 0.00e+00 0.00e+00]
 [2.11e+03 5.29e+04 6.00e+00 2.20e+02 1.21e+03 0.00e+00 0.00e+00 0.00e+00
  0.00e+00 1.00e+00 1.00e+00 0.00e+00 0.00e+00 0.00e+00 0.00e+00]
 [2.11e+03 5.29e+04 6.00e+00 5.20e+01 2.99e-01 1.00e+00 0.00e+00 0.00e+00
  0.00e+00 0.00e+00 1.00e+00 0.00e+00 0.00e+00 0.00e+00 0.00e+00]
 [2.11e+03 5.29e+04 6.00e+00 1.76e+02 1.04e+03 1.00e+00 0.00e+00 0.00e+00
  0.00e+00 1.00e+00 1.00e+00 0.00e+00 0.00e+00 0.00e+00 0.00e+00]
 [2.11e+03 5.29e+04 6.00e+00 5.20e+01 4.30e-01 0.00e+00 0.00e+00 0.00e+00
  0.00e+00 0.00e+00 1.00e+00 0.00e+00 0.00e+00 0.00e+00 0.00e+00]
 [2.11e+03 5.29e+04 6.00e+00 2.24e+02 6.65e+02 0.00e+00 0.00e+00 0.00e+00
  0.00e+00 1.00e+00 1.00e+00 0.00e+00 0.00e+00 0.00e+00 0.00e+00]
 [2.11e+03 5.29e+04 6.00e+00 5.20e+01 3.01e-01 1.00e+00 0.00e+00 0.00e+00
  0.00e+00 0.00e+00 1.00e+00 0.00e+00 0.00e+00 0.00e+00 0.00e+00]
 [2.11e+03 5.29e+04 6.00e+00 2.80e+02 1.05e+03 1.00e+00 0.00e+00 0.00e+00
  0.00e+00 1.00e+00 1.00e+00 0.00e+00 0.00e+00 0.00e+00 0.00e+00]
 [2.11e+03 5.29e+04 6.00e+00 5.20e+01 1.06e+00 0.00e+00 0.00e+00 0.00e+00
  0.00e+00 0.00e+00 1.00e+00 0.00e+00 0.00e+00 0.00e+00 0.00e+00]
 [2.11e+03 5.29e+04 6.00e+00 2.44e+02 2.96e+02 0.00e+00 0.00e+00 0.00e+00
  0.00e+00 1.00e+00 1.00e+00 0.00e+00 0.00e+00 0.00e+00 0.00e+00]
 [2.11e+03 5.29e+04 6.00e+00 5.20e+01 2.44e-01 1.00e+00 0.00e+00 0.00e+00
  0.00e+00 0.00e+00 1.00e+00 0.00e+00 0.00e+00 0.00e+00 0.00e+00]
 [2.11e+03 5.29e+04 6.00e+00 9.60e+02 2.01e+02 1.00e+00 0.00e+00 0.00e+00
  0.00e+00 1.00e+00 1.00e+00 0.00e+00 0.00e+00 0.00e+00 0.00e+00]
 [2.11e+03 5.29e+04 6.00e+00 5.20e+01 1.15e+00 0.00e+00 0.00e+00 0.00e+00
  0.00e+00 0.00e+00 1.00e+00 0.00e+00 0.00e+00 0.00e+00 0.00e+00]
 [2.11e+03 5.29e+04 6.00e+00 1.32e+02 1.64e+02 0.00e+00 0.00e+00 0.00e+00
  0.00e+00 1.00e+00 1.00e+00 0.00e+00 0.00e+00 0.00e+00 0.00e+00]
 [2.11e+03 5.29e+04 6.00e+00 5.20e+01 2.61e-01 0.00e+00 0.00e+00 1.00e+00
  0.00e+00 0.00e+00 1.00e+00 0.00e+00 0.00e+00 0.00e+00 0.00e+00]
 [2.11e+03 5.29e+04 6.00e+00 5.20e+01 1.50e-01 1.00e+00 0.00e+00 1.00e+00
  0.00e+00 0.00e+00 1.00e+00 0.00e+00 0.00e+00 0.00e+00 0.00e+00]
 [2.11e+03 5.29e+04 6.00e+00 5.20e+01 3.32e-01 0.00e+00 0.00e+00 0.00e+00
  0.00e+00 0.00e+00 1.00e+00 0.00e+00 0.00e+00 0.00e+00 0.00e+00]]