[[1.33e+04 8.00e+01 6.00e+00 4.80e+01 0.00e+00 1.00e+00 1.00e+00 0.00e+00
  0.00e+00 0.00e+00 0.00e+00 0.00e+00 0.00e+00 0.00e+00 0.00e+00]
 [1.33e+04 8.00e+01 6.00e+00 4.80e+01 1.91e+01 0.00e+00 1.00e+00 0.00e+00
  0.00e+00 0.00e+00 1.00e+00 0.00e+00 0.00e+00 0.00e+00 0.00e+00]
 [1.33e+04 8.00e+01 6.00e+00 4.80e+01 4.81e+01 1.00e+00 0.00e+00 0.00e+00
  0.00e+00 0.00e+00 1.00e+00 0.00e+00 0.00e+00 0.00e+00 0.00e+00]
 [1.33e+04 8.00e+01 6.00e+00 2.28e+02 5.56e+01 1.00e+00 0.00e+00 0.00e+00
  0.00e+00 0.00e+00 1.00e+00 0.00e+00 0.00e+00 0.00e+00 0.00e+00]
 [1.33e+04 8.00e+01 6.00e+00 4.00e+01 6.19e+01 1.00e+00 0.00e+00 1.00e+00
  0.00e+00 0.00e+00 1.00e+00 0.00e+00 0.00e+00 0.00e+00 0.00e+00]
 [1.33e+04 8.00e+01 6.00e+00 2.28e+02 2.14e+03 1.00e+00 0.00e+00 0.00e+00
  0.00e+00 0.00e+00 1.00e+00 0.00e+00 0.00e+00 0.00e+00 0.00e+00]
 [1.33e+04 8.00e+01 6.00e+00 4.00e+01 5.33e+01 0.00e+00 0.00e+00 1.00e+00
  0.00e+00 0.00e+00 1.00e+00 0.00e+00 0.00e+00 0.00e+00 0.00e+00]
 [1.33e+04 8.00e+01 6.00e+00 4.00e+01 5.98e+00 1.00e+00 0.00e+00 1.00e+00
  0.00e+00 0.00e+00 1.00e+00 0.00e+00 0.00e+00 0.00e+00 0.00e+00]][[1.33e+04 8.00e+01 6.00e+00 4.00e+01 0.00e+00 1.00e+00 0.00e+00 0.00e+00
  0.00e+00 0.00e+00 1.00e+00 0.00e+00 0.00e+00 0.00e+00 0.00e+00]
 [1.33e+04 8.00e+01 6.00e+00 4.00e+01 3.86e+00 0.00e+00 0.00e+00 0.00e+00
  0.00e+00 0.00e+00 1.00e+00 0.00e+00 0.00e+00 0.00e+00 0.00e+00]][[2.24e+04 1.11e+02 1.70e+01 8.40e+01 0.00e+00 1.00e+00 0.00e+00 0.00e+00
  0.00e+00 0.00e+00 0.00e+00 0.00e+00 0.00e+00 0.00e+00 0.00e+00]][[2.78e+04 1.11e+02 6.00e+00 4.80e+01 0.00e+00 1.00e+00 1.00e+00 0.00e+00
  0.00e+00 0.00e+00 0.00e+00 0.00e+00 0.00e+00 0.00e+00 0.00e+00]
 [2.78e+04 1.11e+02 6.00e+00 4.80e+01 5.36e+01 0.00e+00 1.00e+00 0.00e+00
  0.00e+00 0.00e+00 1.00e+00 0.00e+00 0.00e+00 0.00e+00 0.00e+00]
 [2.78e+04 1.11e+02 6.00e+00 4.80e+01 2.24e+01 1.00e+00 0.00e+00 0.00e+00
  0.00e+00 0.00e+00 1.00e+00 0.00e+00 0.00e+00 0.00e+00 0.00e+00]
 [2.78e+04 1.11e+02 6.00e+00 1.00e+02 9.60e+01 1.00e+00 0.00e+00 0.00e+00
  0.00e+00 0.00e+00 1.00e+00 0.00e+00 0.00e+00 0.00e+00 0.00e+00]
 [2.78e+04 1.11e+02 6.00e+00 4.00e+01 2.07e+02 0.00e+00 0.00e+00 0.00e+00
  0.00e+00 0.00e+00 1.00e+00 0.00e+00 0.00e+00 0.00e+00 0.00e+00]
 [2.78e+04 1.11e+02 6.00e+00 4.00e+01 3.03e+02 0.00e+00 0.00e+00 1.00e+00
  0.00e+00 0.00e+00 1.00e+00 0.00e+00 0.00e+00 0.00e+00 0.00e+00]
 [2.78e+04 1.11e+02 6.00e+00 4.00e+01 4.97e+00 1.00e+00 0.00e+00 1.00e+00
  0.00e+00 0.00e+00 1.00e+00 0.00e+00 0.00e+00 0.00e+00 0.00e+00]
 [2.78e+04 1.11e+02 6.00e+00 4.00e+01 1.55e+00 1.00e+00 0.00e+00 0.00e+00
  0.00e+00 0.00e+00 1.00e+00 0.00e+00 0.00e+00 0.00e+00 0.00e+00]
 [2.78e+04 1.11e+02 6.00e+00 4.00e+01 6.86e+00 0.00e+00 0.00e+00 0.00e+00
  0.00e+00 0.00e+00 1.00e+00 0.00e+00 0.00e+00 0.00e+00 0.00e+00]][[4.71e+04 1.11e+02 6.00e+00 4.80e+01 0.00e+00 1.00e+00 1.00e+00 0.00e+00
  0.00e+00 0.00e+00 0.00e+00 0.00e+00 0.00e+00 0.00e+00 0.00e+00]
 [4.71e+04 1.11e+02 6.00e+00 4.80e+01 9.81e+00 0.00e+00 1.00e+00 0.00e+00
  0.00e+00 0.00e+00 1.00e+00 0.00e+00 0.00e+00 0.00e+00 0.00e+00]
 [4.71e+04 1.11e+02 6.00e+00 4.80e+01 4.51e+01 1.00e+00 0.00e+00 0.00e+00
  0.00e+00 0.00e+00 1.00e+00 0.00e+00 0.00e+00 0.00e+00 0.00e+00]
 [4.71e+04 1.11e+02 6.00e+00 1.00e+02 5.34e+01 1.00e+00 0.00e+00 0.00e+00
  0.00e+00 0.00e+00 1.00e+00 0.00e+00 0.00e+00 0.00e+00 0.00e+00]
 [4.71e+04 1.11e+02 6.00e+00 4.00e+01 2.48e+02 0.00e+00 0.00e+00 0.00e+00
  0.00e+00 0.00e+00 1.00e+00 0.00e+00 0.00e+00 0.00e+00 0.00e+00]
 [4.71e+04 1.11e+02 6.00e+00 4.00e+01 2.58e+02 0.00e+00 0.00e+00 1.00e+00
  0.00e+00 0.00e+00 1.00e+00 0.00e+00 0.00e+00 0.00e+00 0.00e+00]
 [4.71e+04 1.11e+02 6.00e+00 4.00e+01 3.50e+00 1.00e+00 0.00e+00 1.00e+00
  0.00e+00 0.00e+00 1.00e+00 0.00e+00 0.00e+00 0.00e+00 0.00e+00]
 [4.71e+04 1.11e+02 6.00e+00 4.00e+01 3.21e+00 1.00e+00 0.00e+00 0.00e+00
  0.00e+00 0.00e+00 1.00e+00 0.00e+00 0.00e+00 0.00e+00 0.00e+00]
 [4.71e+04 1.11e+02 6.00e+00 4.00e+01 4.18e+00 0.00e+00 0.00e+00 0.00e+00
  0.00e+00 0.00e+00 1.00e+00 0.00e+00 0.00e+00 0.00e+00 0.00e+00]][[9.00e+03 1.11e+02 6.00e+00 4.80e+01 0.00e+00 1.00e+00 1.00e+00 0.00e+00
  0.00e+00 0.00e+00 0.00e+00 0.00e+00 0.00e+00 0.00e+00 0.00e+00]
 [9.00e+03 1.11e+02 6.00e+00 4.80e+01 7.53e+00 0.00e+00 1.00e+00 0.00e+00
  0.00e+00 0.00e+00 1.00e+00 0.00e+00 0.00e+00 0.00e+00 0.00e+00]
 [9.00e+03 1.11e+02 6.00e+00 4.80e+01 4.58e+01 1.00e+00 0.00e+00 0.00e+00
  0.00e+00 0.00e+00 1.00e+00 0.00e+00 0.00e+00 0.00e+00 0.00e+00]
 [9.00e+03 1.11e+02 6.00e+00 1.00e+02 5.48e+01 1.00e+00 0.00e+00 0.00e+00
  0.00e+00 0.00e+00 1.00e+00 0.00e+00 0.00e+00 0.00e+00 0.00e+00]
 [9.00e+03 1.11e+02 6.00e+00 4.00e+01 2.45e+02 0.00e+00 0.00e+00 0.00e+00
  0.00e+00 0.00e+00 1.00e+00 0.00e+00 0.00e+00 0.00e+00 0.00e+00]
 [9.00e+03 1.11e+02 6.00e+00 4.00e+01 2.61e+02 0.00e+00 0.00e+00 1.00e+00
  0.00e+00 0.00e+00 1.00e+00 0.00e+00 0.00e+00 0.00e+00 0.00e+00]
 [9.00e+03 1.11e+02 6.00e+00 4.00e+01 3.85e+00 1.00e+00 0.00e+00 1.00e+00
  0.00e+00 0.00e+00 1.00e+00 0.00e+00 0.00e+00 0.00e+00 0.00e+00]
 [9.00e+03 1.11e+02 6.00e+00 4.00e+01 6.12e+00 1.00e+00 0.00e+00 0.00e+00
  0.00e+00 0.00e+00 1.00e+00 0.00e+00 0.00e+00 0.00e+00 0.00e+00]
 [9.00e+03 1.11e+02 6.00e+00 4.00e+01 4.91e+00 0.00e+00 0.00e+00 0.00e+00
  0.00e+00 0.00e+00 1.00e+00 0.00e+00 0.00e+00 0.00e+00 0.00e+00]][[3.62e+04 1.11e+02 1.70e+01 8.40e+01 0.00e+00 1.00e+00 0.00e+00 0.00e+00
  0.00e+00 0.00e+00 0.00e+00 0.00e+00 0.00e+00 0.00e+00 0.00e+00]][[2.94e+04 1.11e+02 1.70e+01 8.40e+01 0.00e+00 1.00e+00 0.00e+00 0.00e+00
  0.00e+00 0.00e+00 0.00e+00 0.00e+00 0.00e+00 0.00e+00 0.00e+00]][[4.63e+04 1.11e+02 6.00e+00 4.80e+01 0.00e+00 1.00e+00 1.00e+00 0.00e+00
  0.00e+00 0.00e+00 0.00e+00 0.00e+00 0.00e+00 0.00e+00 0.00e+00]
 [4.63e+04 1.11e+02 6.00e+00 4.80e+01 5.90e+00 0.00e+00 1.00e+00 0.00e+00
  0.00e+00 0.00e+00 1.00e+00 0.00e+00 0.00e+00 0.00e+00 0.00e+00]
 [4.63e+04 1.11e+02 6.00e+00 4.80e+01 4.56e+01 1.00e+00 0.00e+00 0.00e+00
  0.00e+00 0.00e+00 1.00e+00 0.00e+00 0.00e+00 0.00e+00 0.00e+00]
 [4.63e+04 1.11e+02 6.00e+00 1.00e+02 5.50e+01 1.00e+00 0.00e+00 0.00e+00
  0.00e+00 0.00e+00 1.00e+00 0.00e+00 0.00e+00 0.00e+00 0.00e+00]
 [4.63e+04 1.11e+02 6.00e+00 4.00e+01 2.46e+02 0.00e+00 0.00e+00 0.00e+00
  0.00e+00 0.00e+00 1.00e+00 0.00e+00 0.00e+00 0.00e+00 0.00e+00]
 [4.63e+04 1.11e+02 6.00e+00 4.00e+01 2.61e+02 0.00e+00 0.00e+00 1.00e+00
  0.00e+00 0.00e+00 1.00e+00 0.00e+00 0.00e+00 0.00e+00 0.00e+00]
 [4.63e+04 1.11e+02 6.00e+00 4.00e+01 3.04e+00 1.00e+00 0.00e+00 1.00e+00
  0.00e+00 0.00e+00 1.00e+00 0.00e+00 0.00e+00 0.00e+00 0.00e+00]
 [4.63e+04 1.11e+02 6.00e+00 4.00e+01 4.47e+00 1.00e+00 0.00e+00 0.00e+00
  0.00e+00 0.00e+00 1.00e+00 0.00e+00 0.00e+00 0.00e+00 0.00e+00]
 [4.63e+04 1.11e+02 6.00e+00 4.00e+01 1.35e+01 0.00e+00 0.00e+00 0.00e+00
  0.00e+00 0.00e+00 1.00e+00 0.00e+00 0.00e+00 0.00e+00 0.00e+00]][[2.05e+04 1.11e+02 1.70e+01 8.40e+01 0.00e+00 1.00e+00 0.00e+00 0.00e+00
  0.00e+00 0.00e+00 0.00e+00 0.00e+00 0.00e+00 0.00e+00 0.00e+00]]