[[4.44e+04 8.00e+01 6.00e+00 4.80e+01 0.00e+00 1.00e+00 1.00e+00 0.00e+00
  0.00e+00 0.00e+00 0.00e+00 0.00e+00 0.00e+00 0.00e+00 0.00e+00]
 [4.44e+04 8.00e+01 6.00e+00 4.80e+01 9.93e+01 0.00e+00 1.00e+00 0.00e+00
  0.00e+00 0.00e+00 1.00e+00 0.00e+00 0.00e+00 0.00e+00 0.00e+00]
 [4.44e+04 8.00e+01 6.00e+00 4.80e+01 5.79e+01 1.00e+00 0.00e+00 0.00e+00
  0.00e+00 0.00e+00 1.00e+00 0.00e+00 0.00e+00 0.00e+00 0.00e+00]
 [4.44e+04 8.00e+01 6.00e+00 4.59e+02 1.17e+02 1.00e+00 0.00e+00 0.00e+00
  0.00e+00 0.00e+00 1.00e+00 0.00e+00 0.00e+00 0.00e+00 0.00e+00]
 [4.44e+04 8.00e+01 6.00e+00 4.00e+01 1.85e+02 0.00e+00 0.00e+00 1.00e+00
  0.00e+00 0.00e+00 1.00e+00 0.00e+00 0.00e+00 0.00e+00 0.00e+00]
 [4.44e+04 8.00e+01 6.00e+00 4.00e+01 1.75e+01 1.00e+00 0.00e+00 1.00e+00
  0.00e+00 0.00e+00 1.00e+00 0.00e+00 0.00e+00 0.00e+00 0.00e+00]
 [4.44e+04 8.00e+01 6.00e+00 4.00e+01 4.69e+01 1.00e+00 0.00e+00 0.00e+00
  0.00e+00 0.00e+00 1.00e+00 0.00e+00 0.00e+00 0.00e+00 0.00e+00]
 [4.44e+04 8.00e+01 6.00e+00 4.00e+01 2.12e+01 0.00e+00 0.00e+00 0.00e+00
  0.00e+00 0.00e+00 1.00e+00 0.00e+00 0.00e+00 0.00e+00 0.00e+00]][[2.91e+04 8.00e+01 6.00e+00 ... 0.00e+00 0.00e+00 0.00e+00]
 [2.91e+04 8.00e+01 6.00e+00 ... 0.00e+00 0.00e+00 0.00e+00]
 [2.91e+04 8.00e+01 6.00e+00 ... 0.00e+00 0.00e+00 0.00e+00]
 ...
 [2.91e+04 8.00e+01 6.00e+00 ... 0.00e+00 0.00e+00 0.00e+00]
 [2.91e+04 8.00e+01 6.00e+00 ... 0.00e+00 0.00e+00 0.00e+00]
 [2.91e+04 8.00e+01 6.00e+00 ... 0.00e+00 0.00e+00 0.00e+00]][[4.62e+03 8.00e+01 6.00e+00 4.80e+01 0.00e+00 1.00e+00 1.00e+00 0.00e+00
  0.00e+00 0.00e+00 0.00e+00 0.00e+00 0.00e+00 0.00e+00 0.00e+00]
 [4.62e+03 8.00e+01 6.00e+00 4.80e+01 9.02e+01 0.00e+00 1.00e+00 0.00e+00
  0.00e+00 0.00e+00 1.00e+00 0.00e+00 0.00e+00 0.00e+00 0.00e+00]
 [4.62e+03 8.00e+01 6.00e+00 4.80e+01 5.67e+01 1.00e+00 0.00e+00 0.00e+00
  0.00e+00 0.00e+00 1.00e+00 0.00e+00 0.00e+00 0.00e+00 0.00e+00]
 [4.62e+03 8.00e+01 6.00e+00 4.71e+02 1.40e+02 1.00e+00 0.00e+00 0.00e+00
  0.00e+00 0.00e+00 1.00e+00 0.00e+00 0.00e+00 0.00e+00 0.00e+00]
 [4.62e+03 8.00e+01 6.00e+00 4.00e+01 1.99e+02 1.00e+00 0.00e+00 1.00e+00
  0.00e+00 0.00e+00 1.00e+00 0.00e+00 0.00e+00 0.00e+00 0.00e+00]
 [4.62e+03 8.00e+01 6.00e+00 4.00e+01 1.29e-01 0.00e+00 0.00e+00 1.00e+00
  0.00e+00 0.00e+00 1.00e+00 0.00e+00 0.00e+00 0.00e+00 0.00e+00]
 [4.62e+03 8.00e+01 6.00e+00 4.00e+01 7.34e+01 1.00e+00 0.00e+00 0.00e+00
  0.00e+00 0.00e+00 1.00e+00 0.00e+00 0.00e+00 0.00e+00 0.00e+00]][[8.00e+01 4.62e+03 6.00e+00 4.00e+01 0.00e+00 1.00e+00 0.00e+00 0.00e+00
  0.00e+00 0.00e+00 1.00e+00 0.00e+00 0.00e+00 0.00e+00 0.00e+00]][[6.32e+04 8.00e+01 6.00e+00 4.80e+01 0.00e+00 1.00e+00 1.00e+00 0.00e+00
  0.00e+00 0.00e+00 0.00e+00 0.00e+00 0.00e+00 0.00e+00 0.00e+00]
 [6.32e+04 8.00e+01 6.00e+00 4.80e+01 1.09e+02 0.00e+00 1.00e+00 0.00e+00
  0.00e+00 0.00e+00 1.00e+00 0.00e+00 0.00e+00 0.00e+00 0.00e+00]
 [6.32e+04 8.00e+01 6.00e+00 4.80e+01 1.08e+02 1.00e+00 0.00e+00 0.00e+00
  0.00e+00 0.00e+00 1.00e+00 0.00e+00 0.00e+00 0.00e+00 0.00e+00]
 [6.32e+04 8.00e+01 6.00e+00 4.64e+02 6.07e+02 1.00e+00 0.00e+00 0.00e+00
  0.00e+00 0.00e+00 1.00e+00 0.00e+00 0.00e+00 0.00e+00 0.00e+00]
 [6.32e+04 8.00e+01 6.00e+00 4.00e+01 2.86e+02 0.00e+00 0.00e+00 0.00e+00
  0.00e+00 0.00e+00 1.00e+00 0.00e+00 0.00e+00 0.00e+00 0.00e+00]
 [6.32e+04 8.00e+01 6.00e+00 4.00e+01 1.43e+02 0.00e+00 0.00e+00 1.00e+00
  0.00e+00 0.00e+00 1.00e+00 0.00e+00 0.00e+00 0.00e+00 0.00e+00]
 [6.32e+04 8.00e+01 6.00e+00 4.00e+01 9.62e+01 1.00e+00 0.00e+00 1.00e+00
  0.00e+00 0.00e+00 1.00e+00 0.00e+00 0.00e+00 0.00e+00 0.00e+00]
 [6.32e+04 8.00e+01 6.00e+00 4.00e+01 4.03e+01 1.00e+00 0.00e+00 0.00e+00
  0.00e+00 0.00e+00 1.00e+00 0.00e+00 0.00e+00 0.00e+00 0.00e+00]
 [6.32e+04 8.00e+01 6.00e+00 4.00e+01 3.97e+01 0.00e+00 0.00e+00 0.00e+00
  0.00e+00 0.00e+00 1.00e+00 0.00e+00 0.00e+00 0.00e+00 0.00e+00]][[1.e+04 8.e+01 6.e+00 ... 0.e+00 0.e+00 0.e+00]
 [1.e+04 8.e+01 6.e+00 ... 0.e+00 0.e+00 0.e+00]
 [1.e+04 8.e+01 6.e+00 ... 0.e+00 0.e+00 0.e+00]
 ...
 [1.e+04 8.e+01 6.e+00 ... 0.e+00 0.e+00 0.e+00]
 [1.e+04 8.e+01 6.e+00 ... 0.e+00 0.e+00 0.e+00]
 [1.e+04 8.e+01 6.e+00 ... 0.e+00 0.e+00 0.e+00]][[5.43e+04 8.00e+01 6.00e+00 4.80e+01 0.00e+00 1.00e+00 1.00e+00 0.00e+00
  0.00e+00 0.00e+00 0.00e+00 0.00e+00 0.00e+00 0.00e+00 0.00e+00]
 [5.43e+04 8.00e+01 6.00e+00 4.80e+01 2.83e+01 0.00e+00 1.00e+00 0.00e+00
  0.00e+00 0.00e+00 1.00e+00 0.00e+00 0.00e+00 0.00e+00 0.00e+00]
 [5.43e+04 8.00e+01 6.00e+00 4.80e+01 2.74e+01 1.00e+00 0.00e+00 0.00e+00
  0.00e+00 0.00e+00 1.00e+00 0.00e+00 0.00e+00 0.00e+00 0.00e+00]
 [5.43e+04 8.00e+01 6.00e+00 3.21e+02 8.72e+01 1.00e+00 0.00e+00 0.00e+00
  0.00e+00 0.00e+00 1.00e+00 0.00e+00 0.00e+00 0.00e+00 0.00e+00]
 [5.43e+04 8.00e+01 6.00e+00 4.00e+01 5.31e+01 0.00e+00 0.00e+00 1.00e+00
  0.00e+00 0.00e+00 1.00e+00 0.00e+00 0.00e+00 0.00e+00 0.00e+00]
 [5.43e+04 8.00e+01 6.00e+00 4.00e+01 1.24e+01 1.00e+00 0.00e+00 1.00e+00
  0.00e+00 0.00e+00 1.00e+00 0.00e+00 0.00e+00 0.00e+00 0.00e+00]
 [5.43e+04 8.00e+01 6.00e+00 4.00e+01 4.09e+01 1.00e+00 0.00e+00 0.00e+00
  0.00e+00 0.00e+00 1.00e+00 0.00e+00 0.00e+00 0.00e+00 0.00e+00]
 [5.43e+04 8.00e+01 6.00e+00 4.00e+01 2.03e+01 0.00e+00 0.00e+00 0.00e+00
  0.00e+00 0.00e+00 1.00e+00 0.00e+00 0.00e+00 0.00e+00 0.00e+00]][[2.67e+04 8.00e+01 6.00e+00 4.80e+01 0.00e+00 1.00e+00 1.00e+00 0.00e+00
  0.00e+00 0.00e+00 0.00e+00 0.00e+00 0.00e+00 0.00e+00 0.00e+00]
 [2.67e+04 8.00e+01 6.00e+00 4.80e+01 3.51e+01 0.00e+00 1.00e+00 0.00e+00
  0.00e+00 0.00e+00 1.00e+00 0.00e+00 0.00e+00 0.00e+00 0.00e+00]
 [2.67e+04 8.00e+01 6.00e+00 4.80e+01 5.14e+01 1.00e+00 0.00e+00 0.00e+00
  0.00e+00 0.00e+00 1.00e+00 0.00e+00 0.00e+00 0.00e+00 0.00e+00]
 [2.67e+04 8.00e+01 6.00e+00 4.72e+02 3.94e+01 1.00e+00 0.00e+00 0.00e+00
  0.00e+00 0.00e+00 1.00e+00 0.00e+00 0.00e+00 0.00e+00 0.00e+00]
 [2.67e+04 8.00e+01 6.00e+00 4.00e+01 6.98e+01 0.00e+00 0.00e+00 1.00e+00
  0.00e+00 0.00e+00 1.00e+00 0.00e+00 0.00e+00 0.00e+00 0.00e+00]
 [2.67e+04 8.00e+01 6.00e+00 4.00e+01 2.71e+01 1.00e+00 0.00e+00 1.00e+00
  0.00e+00 0.00e+00 1.00e+00 0.00e+00 0.00e+00 0.00e+00 0.00e+00]
 [2.67e+04 8.00e+01 6.00e+00 4.00e+01 2.19e+01 1.00e+00 0.00e+00 0.00e+00
  0.00e+00 0.00e+00 1.00e+00 0.00e+00 0.00e+00 0.00e+00 0.00e+00]
 [2.67e+04 8.00e+01 6.00e+00 4.00e+01 1.62e+01 0.00e+00 0.00e+00 0.00e+00
  0.00e+00 0.00e+00 1.00e+00 0.00e+00 0.00e+00 0.00e+00 0.00e+00]][[4.00e+03 3.53e+03 1.70e+01 1.02e+03 0.00e+00 1.00e+00 0.00e+00 0.00e+00
  0.00e+00 0.00e+00 0.00e+00 0.00e+00 0.00e+00 0.00e+00 0.00e+00]][[1.08e+04 8.00e+01 6.00e+00 4.80e+01 0.00e+00 1.00e+00 1.00e+00 0.00e+00
  0.00e+00 0.00e+00 0.00e+00 0.00e+00 0.00e+00 0.00e+00 0.00e+00]
 [1.08e+04 8.00e+01 6.00e+00 4.80e+01 1.90e+01 0.00e+00 1.00e+00 0.00e+00
  0.00e+00 0.00e+00 1.00e+00 0.00e+00 0.00e+00 0.00e+00 0.00e+00]
 [1.08e+04 8.00e+01 6.00e+00 4.80e+01 4.92e+01 1.00e+00 0.00e+00 0.00e+00
  0.00e+00 0.00e+00 1.00e+00 0.00e+00 0.00e+00 0.00e+00 0.00e+00]
 [1.08e+04 8.00e+01 6.00e+00 4.69e+02 5.92e+01 1.00e+00 0.00e+00 0.00e+00
  0.00e+00 0.00e+00 1.00e+00 0.00e+00 0.00e+00 0.00e+00 0.00e+00]
 [1.08e+04 8.00e+01 6.00e+00 4.00e+01 9.92e+01 0.00e+00 0.00e+00 1.00e+00
  0.00e+00 0.00e+00 1.00e+00 0.00e+00 0.00e+00 0.00e+00 0.00e+00]
 [1.08e+04 8.00e+01 6.00e+00 4.00e+01 2.96e+01 1.00e+00 0.00e+00 0.00e+00
  0.00e+00 0.00e+00 1.00e+00 0.00e+00 0.00e+00 0.00e+00 0.00e+00]
 [1.08e+04 8.00e+01 6.00e+00 4.00e+01 8.09e-01 1.00e+00 0.00e+00 1.00e+00
  0.00e+00 0.00e+00 1.00e+00 0.00e+00 0.00e+00 0.00e+00 0.00e+00]
 [1.08e+04 8.00e+01 6.00e+00 4.00e+01 5.82e+01 0.00e+00 0.00e+00 0.00e+00
  0.00e+00 0.00e+00 1.00e+00 0.00e+00 0.00e+00 0.00e+00 0.00e+00]]